# name: debug
# type: sparse matrix
# nnz: 4356
# rows: 66
# columns: 66

1 1 100655174
2 1 15934.4588
3 1 1641661.09
4 1 341926.196
5 1 225586953
6 1 19251168.4
7 1 -8620744.43
8 1 -42488.6025
9 1 50422.9802
10 1 94679.7243
11 1 -19467767.3
12 1 -1314891.57
13 1 -6671726.71
14 1 -83246.5515
15 1 208092.688
16 1 -76890.2648
17 1 -15087771.3
18 1 -1097851.49
19 1 -4459873.45
20 1 -43197.1145
21 1 685274.838
22 1 -437225.094
23 1 -10448127.8
24 1 -880089.698
25 1 -2166590.11
26 1 -36715.6624
27 1 571638.609
28 1 -235938.793
29 1 -5466578.33
30 1 -406723.519
31 1 -1213708.05
32 1 -21379.3119
33 1 405119.481
34 1 -190961.152
35 1 -2870339.67
36 1 -205959.619
37 1 -763480.53
38 1 24119.03
39 1 321878.566
40 1 -212631.666
41 1 -1744915.7
42 1 -70768.5321
43 1 -475563.626
44 1 12246.0772
45 1 224027.545
46 1 -155818.045
47 1 -1091735.14
48 1 53488.328
49 1 -372995.847
50 1 6508.83978
51 1 188201.157
52 1 -142040.225
53 1 -901733.352
54 1 47256.9995
55 1 -285439.242
56 1 1694.36098
57 1 146750.194
58 1 -117214.042
59 1 -703856.113
60 1 25549.9413
61 1 -174591.728
62 1 563.734231
63 1 100319.939
64 1 -82869.0612
65 1 -445854.763
66 1 20171.6929
1 2 15934.4588
2 2 102222382
3 2 8747506.89
4 2 -220036774
5 2 2711890.83
6 2 -425787.364
7 2 -19825.2339
8 2 -8541807.28
9 2 -573996.102
10 2 18552588.1
11 2 -113934.741
12 2 -167353.69
13 2 -50735.8186
14 2 -6612087.06
15 2 -526364.278
16 2 14396844.3
17 2 -558548.881
18 2 238073.648
19 2 -220.148234
20 2 -4571638.77
21 2 -339668.869
22 2 10231322.8
23 2 -436871.608
24 2 -644853.611
25 2 500.196694
26 2 -2299644.26
27 2 -177639.72
28 2 5374199.43
29 2 -216271.128
30 2 -675076.836
31 2 10028.4236
32 2 -1385489.76
33 2 -89486.7765
34 2 2972179.05
35 2 -159938.305
36 2 -511565.645
37 2 28941.8862
38 2 -947240.401
39 2 1086.92693
40 2 1887023.7
41 2 -148222.386
42 2 -321115.496
43 2 12601.3442
44 2 -604557.014
45 2 27467.9702
46 2 1175698.91
47 2 -203702.433
48 2 -243939.07
49 2 8650.22477
50 2 -473339.043
51 2 20455.8552
52 2 951316.744
53 2 -190572.407
54 2 -222982.071
55 2 6548.92783
56 2 -362395.511
57 2 6364.37614
58 2 738633.588
59 2 -150288.821
60 2 -172518.187
61 2 4007.05195
62 2 -227138.617
63 2 4258.99444
64 2 472006.796
65 2 -102883.816
66 2 -121982.149
1 3 1641661.09
2 3 8747506.89
3 3 15873134.6
4 3 -23965825.7
5 3 -724785.905
6 3 -268992.718
7 3 -336421.379
8 3 -521559.666
9 3 -1235809.92
10 3 1536801.49
11 3 -308993.361
12 3 -15191.2346
13 3 -330266.918
14 3 -514772.44
15 3 -951107.89
16 3 1397910.58
17 3 -293907.348
18 3 28107.5693
19 3 -45411.4238
20 3 -348247.752
21 3 -585175.638
22 3 949276.65
23 3 312930.251
24 3 -15557.3025
25 3 30169.039
26 3 -164365.068
27 3 -280972.729
28 3 475471.998
29 3 369752.912
30 3 -19373.9403
31 3 -48504.7576
32 3 -91092.2371
33 3 -125600.476
34 3 234152.991
35 3 65206.7026
36 3 -24734.505
37 3 -36049.1744
38 3 -58628.8603
39 3 -76697.9402
40 3 124415.812
41 3 59850.0006
42 3 -9533.76049
43 3 -5601.21843
44 3 -14432.0727
45 3 -62877.0993
46 3 33418.2182
47 3 76898.4305
48 3 -3016.75372
49 3 10212.6516
50 3 -12504.5877
51 3 -60182.8802
52 3 37252.9708
53 3 93520.1393
54 3 -4677.33905
55 3 11423.7147
56 3 -16805.0838
57 3 -49939.6167
58 3 47098.2302
59 3 84493.9911
60 3 -6908.24603
61 3 16163.0672
62 3 -9703.7291
63 3 -33653.7043
64 3 34351.9496
65 3 75446.534
66 3 -6653.63823
1 4 341926.196
2 4 -220036774
3 4 -23965825.7
4 4 518364359
5 4 1120159.27
6 4 -14413815
7 4 -19113.9469
8 4 18387460.7
9 4 1613797.19
10 4 -41059146.6
11 4 -18823.4781
12 4 1140887.38
13 4 155017.927
14 4 14277127.8
15 4 1413399.94
16 4 -31884118.3
17 4 1236571.3
18 4 68534.3008
19 4 -27692.2034
20 4 10111820.9
21 4 916921.861
22 4 -22980556.1
23 4 840426.613
24 4 1704933.26
25 4 -11995.7365
26 4 5100655.45
27 4 468533.227
28 4 -12114158
29 4 389403.271
30 4 1627769.87
31 4 -19552.9511
32 4 3023099.15
33 4 239058.011
34 4 -6592531.47
35 4 302316.356
36 4 1201019.71
37 4 -52917.8126
38 4 2078664.97
39 4 24088.5692
40 4 -4223909.91
41 4 309667.117
42 4 755049.697
43 4 -14868.418
44 4 1315759.43
45 4 -48376.1183
46 4 -2604317.41
47 4 457529.889
48 4 541408.488
49 4 -9114.94505
50 4 1056497.89
51 4 -33822.4738
52 4 -2155281.93
53 4 430577.232
54 4 499374.823
55 4 -8026.81782
56 4 817691.293
57 4 -4500.78769
58 4 -1692801.78
59 4 337595.511
60 4 394021.823
61 4 -8567.55198
62 4 515025.861
63 4 -2320.91664
64 4 -1089893.63
65 4 222935.922
66 4 281124.176
1 5 225586953
2 5 2711890.83
3 5 -724785.905
4 5 1120159.27
5 5 554816507
6 5 50688662.8
7 5 -19356619.6
8 5 -299815.27
9 5 347511.404
10 5 578135.315
11 5 -45022677.8
12 5 -3208892.32
13 5 -15007218.8
14 5 -427921.074
15 5 660520.946
16 5 294980.627
17 5 -34818059.8
18 5 -2551837.11
19 5 -10224971.9
20 5 -219540.992
21 5 1673035.71
22 5 -775723.345
23 5 -24513172
24 5 -2076709.25
25 5 -5021778.29
26 5 -150190.772
27 5 1372728.62
28 5 -441691.173
29 5 -12992656
30 5 -968658.513
31 5 -2746101.68
32 5 -100561.433
33 5 927191.356
34 5 -357342.96
35 5 -6642812.74
36 5 -498859.2
37 5 -1761883.73
38 5 8322.28552
39 5 752091.757
40 5 -425844.963
41 5 -4123267.93
42 5 -182376.606
43 5 -1087358.54
44 5 -9172.38876
45 5 507256.551
46 5 -298538.59
47 5 -2548873.21
48 5 101529.033
49 5 -874585.342
50 5 -14543.8113
51 5 433209.081
52 5 -289041.284
53 5 -2151015.98
54 5 93162.2023
55 5 -678885.669
56 5 -17357.232
57 5 347040.414
58 5 -250787.893
59 5 -1706438.24
60 5 49771.614
61 5 -415589.39
62 5 -8105.33093
63 5 242268.338
64 5 -189746.364
65 5 -1085680.34
66 5 40884.7821
1 6 19251168.4
2 6 -425787.364
3 6 -268992.718
4 6 -14413815
5 6 50688662.8
6 6 70631707.3
7 6 -1062477.34
8 6 362550.938
9 6 57155.0931
10 6 19220.4775
11 6 -2585202.87
12 6 -4821871.77
13 6 -1003609.45
14 6 232559.914
15 6 76279.2948
16 6 272222.165
17 6 -2326590.57
18 6 -3699128.93
19 6 -666100.24
20 6 -63801.9735
21 6 99298.9016
22 6 495928.166
23 6 -1557845.84
24 6 -2481058.42
25 6 -308984.384
26 6 -128967.09
27 6 69985.8309
28 6 495211.441
29 6 -770711.655
30 6 -1269713.54
31 6 -157726.122
32 6 93046.0492
33 6 55500.4579
34 6 -101220.883
35 6 -348196.281
36 6 -581943.572
37 6 -87184.1234
38 6 53900.7419
39 6 33129.5129
40 6 15067.4659
41 6 -166631.049
42 6 -391542.599
43 6 -25565.3888
44 6 -16550.8648
45 6 12983.8277
46 6 90131.8003
47 6 -70839.85
48 6 -272786.913
49 6 -20993.2942
50 6 -54388.1913
51 6 12946.3599
52 6 145125.336
53 6 -76451.7665
54 6 -248225.229
55 6 -29698.7329
56 6 -55491.289
57 6 16948.6402
58 6 141755.741
59 6 -100757.678
60 6 -204392.165
61 6 -18511.4921
62 6 -59756.4151
63 6 11608.6173
64 6 139505.791
65 6 -81995.009
66 6 -128942.369
1 7 -8620744.43
2 7 -19825.2339
3 7 -336421.379
4 7 -19113.9469
5 7 -19356619.6
6 7 -1062477.34
7 7 85387263.9
8 7 144519.566
9 7 -3558035.01
10 7 76437.6511
11 7 194905138
12 7 16400345.4
13 7 -6311720.31
14 7 -70003.2382
15 7 298059.04
16 7 -104067.699
17 7 -14384392.3
18 7 -1066280.24
19 7 -4356766.88
20 7 -39205.5385
21 7 699863.106
22 7 -436934.809
23 7 -10235764.6
24 7 -882021.485
25 7 -2197683.71
26 7 -31883.881
27 7 580064.029
28 7 -254922.05
29 7 -5528100.94
30 7 -413876.665
31 7 -1251329.85
32 7 -19061.587
33 7 420879.791
34 7 -202933.262
35 7 -2957951.44
36 7 -204509.613
37 7 -806929.498
38 7 19814.1686
39 7 341536.88
40 7 -214581.291
41 7 -1845228.05
42 7 -72509.8305
43 7 -498793.41
44 7 10219.1254
45 7 238684.951
46 7 -160336.287
47 7 -1149671.64
48 7 59672.1207
49 7 -395086.946
50 7 5529.12046
51 7 200495.485
52 7 -149534.816
53 7 -956305.01
54 7 52151.5254
55 7 -304748.057
56 7 1145.35406
57 7 157592.484
58 7 -124255.298
59 7 -752683.362
60 7 29475.2666
61 7 -188367.003
62 7 196.257482
63 7 107901.228
64 7 -87872.6343
65 7 -480373.222
66 7 23333.1493
1 8 -42488.6025
2 8 -8541807.28
3 8 -521559.666
4 8 18387460.7
5 8 -299815.27
6 8 362550.938
7 8 144519.566
8 8 86913544
9 8 6585093.75
10 8 -190952410
11 8 629711.604
12 8 7940348.73
13 8 -57242.4713
14 8 -6281586.33
15 8 -525763.531
16 8 13795637.7
17 8 -544123.802
18 8 81337.5819
19 8 -1790.67443
20 8 -4448007.35
21 8 -354808.462
22 8 9979367.51
23 8 -423453.775
24 8 -675005.071
25 8 3392.90932
26 8 -2309193.27
27 8 -185886.829
28 8 5392559.67
29 8 -202684.856
30 8 -674376.001
31 8 12731.5174
32 8 -1398266.31
33 8 -90180.2857
34 8 3002697.53
35 8 -155252.738
36 8 -520697.523
37 8 32414.9251
38 8 -970881.483
39 8 -334.238646
40 8 1941226.47
41 8 -145645.456
42 8 -330114.63
43 8 15478.0094
44 8 -614478.335
45 8 28425.6158
46 8 1203785.31
47 8 -201307.776
48 8 -252760.186
49 8 11090.9431
50 8 -486125.624
51 8 21153.3122
52 8 984224.034
53 8 -189561.363
54 8 -229599.22
55 8 8282.05167
56 8 -375878.377
57 8 7032.41071
58 8 771324.925
59 8 -152836.429
60 8 -179564.227
61 8 5181.19145
62 8 -237816.277
63 8 4782.09535
64 8 496427.44
65 8 -106497.415
66 8 -126510.767
1 9 50422.9802
2 9 -573996.102
3 9 -1235809.92
4 9 1613797.19
5 9 347511.404
6 9 57155.0931
7 9 -3558035.01
8 9 6585093.75
9 9 12819334.7
10 9 -19016473
11 9 -13406758.3
12 9 -438676.649
13 9 73651.3831
14 9 -548654.87
15 9 -885557.388
16 9 1480734.41
17 9 559872.037
18 9 71594.9131
19 9 173727.105
20 9 -388926.324
21 9 -594004.628
22 9 1062264.7
23 9 801457.451
24 9 15054.7854
25 9 123677.424
26 9 -184241.625
27 9 -300917.059
28 9 536054.729
29 9 597184.706
30 9 -8944.11069
31 9 6742.60487
32 9 -98718.1275
33 9 -145522.839
34 9 261430.925
35 9 196945.778
36 9 -19926.3803
37 9 -1597.20958
38 9 -67640.3443
39 9 -93715.178
40 9 149186.074
41 9 140760.682
42 9 -8811.1379
43 9 19121.392
44 9 -17147.6155
45 9 -74753.5852
46 9 45595.3791
47 9 135171.741
48 9 -7434.17688
49 9 28685.4564
50 9 -14371.0496
51 9 -70848.4136
52 9 48600.0558
53 9 141409.256
54 9 -8513.21164
55 9 25820.8152
56 9 -18330.0359
57 9 -59474.9023
58 9 56839.2497
59 9 123335.97
60 9 -9550.71078
61 9 24918.2976
62 9 -10778.1093
63 9 -40446.1024
64 9 40989.0174
65 9 100168.932
66 9 -8643.80468
1 10 94679.7243
2 10 18552588.1
3 10 1536801.49
4 10 -41059146.6
5 10 578135.315
6 10 19220.4775
7 10 76437.6511
8 10 -190952410
9 10 -19016473
10 10 455288607
11 10 6809125.47
12 10 -31328832.2
13 10 195642.435
14 10 13797717.3
15 10 1427985.2
16 10 -31030934.3
17 10 1262877.59
18 10 325718.369
19 10 2739.98124
20 10 9950667.37
21 10 961541.503
22 10 -22666062.5
23 10 863535.195
24 10 1776154.87
25 10 -9540.64764
26 10 5166531.53
27 10 492759.064
28 10 -12263188.5
29 10 373164.01
30 10 1646458.29
31 10 -18708.8249
32 10 3080170.5
33 10 242368.792
34 10 -6726974.06
35 10 305934.493
36 10 1234248.75
37 10 -56022.7582
38 10 2155840.96
39 10 26030.6424
40 10 -4395474.56
41 10 315037.557
42 10 784878.082
43 10 -19381.581
44 10 1355465.29
45 10 -52884.1983
46 10 -2701690.65
47 10 460489.685
48 10 568708.466
49 10 -13808.9913
50 10 1100403.98
51 10 -36363.0948
52 10 -2261405.92
53 10 433942.707
54 10 523206.134
55 10 -10948.2381
56 10 860120.19
57 10 -6272.84753
58 10 -1792673.6
59 10 348854.34
60 10 416219.094
61 10 -10137.0333
62 10 546650.478
63 10 -3759.01308
64 10 -1161540.73
65 10 236018.513
66 10 294870.714
1 11 -19467767.3
2 11 -113934.741
3 11 -308993.361
4 11 -18823.4781
5 11 -45022677.8
6 11 -2585202.87
7 11 194905138
8 11 629711.604
9 11 -13406758.3
10 11 6809125.47
11 11 486043508
12 11 44129699.1
13 11 -14362040.5
14 11 -269549.038
15 11 990861.801
16 11 -106558.358
17 11 -33625497
18 11 -2455652.1
19 11 -10082086
20 11 -127396.254
21 11 1811108.85
22 11 -1010989.5
23 11 -24304430
24 11 -2051908.86
25 11 -5127259.36
26 11 -94064.3384
27 11 1447003.05
28 11 -618646.736
29 11 -13271731.5
30 11 -965774.41
31 11 -2842937.76
32 11 -72533.0518
33 11 991153.257
34 11 -448087.437
35 11 -6905516.76
36 11 -485500.013
37 11 -1869313.56
38 11 14443.2445
39 11 816885.783
40 11 -471375.786
41 11 -4398701.92
42 11 -178714.158
43 11 -1148431.92
44 11 -3164.50896
45 11 557547.224
46 11 -336818.912
47 11 -2714449.76
48 11 123003.435
49 11 -935852.87
50 11 -7321.63303
51 11 478376.26
52 11 -334232.114
53 11 -2313957.33
54 11 111484.148
55 11 -732789.987
56 11 -11649.869
57 11 385816.833
58 11 -289376.276
59 11 -1852592.76
60 11 63997.7191
61 11 -454943.565
62 11 -5197.63393
63 11 268858.914
64 11 -215347.99
65 11 -1190897.02
66 11 51506.7541
1 12 -1314891.57
2 12 -167353.69
3 12 -15191.2346
4 12 1140887.38
5 12 -3208892.32
6 12 -4821871.77
7 12 16400345.4
8 12 7940348.73
9 12 -438676.649
10 12 -31328832.2
11 12 44129699.1
12 12 59805892.4
13 12 -1159804.74
14 12 -321336.015
15 12 57410.3839
16 12 1368545.08
17 12 -2721428.52
18 12 -3513661.07
19 12 -802800.062
20 12 -385372.429
21 12 103690.146
22 12 1175378.24
23 12 -1902406.61
24 12 -2481466.06
25 12 -380448.836
26 12 -269314.904
27 12 78537.6118
28 12 810674.891
29 12 -963810.501
30 12 -1309538.7
31 12 -192014.828
32 12 1004.60201
33 12 61430.2696
34 12 87562.4569
35 12 -443535.415
36 12 -629830.341
37 12 -110755.985
38 12 -8963.45985
39 12 43644.7754
40 12 133116.618
41 12 -233127.127
42 12 -425338.734
43 12 -34727.7949
44 12 -61647.376
45 12 19258.7521
46 12 173000.367
47 12 -110281.573
48 12 -291402.689
49 12 -28728.2371
50 12 -87804.5173
51 12 17930.0686
52 12 210005.403
53 12 -112432.328
54 12 -269293.777
55 12 -36822.4294
56 12 -82552.6276
57 12 20995.56
58 12 194306.441
59 12 -132646.226
60 12 -225385.985
61 12 -23388.5576
62 12 -76601.1242
63 12 14824.3204
64 12 172349.983
65 12 -104145.144
66 12 -144536.015
1 13 -6671726.71
2 13 -50735.8186
3 13 -330266.918
4 13 155017.927
5 13 -15007218.8
6 13 -1003609.45
7 13 -6311720.31
8 13 -57242.4713
9 13 73651.3831
10 13 195642.435
11 13 -14362040.5
12 13 -1159804.74
13 13 84359181.7
14 13 -256959.637
15 13 -2819341.67
16 13 2453508.49
17 13 178225585
18 13 14970677.2
19 13 -9648799.34
20 13 -623349.674
21 13 2593320.19
22 13 -552694.705
23 13 -13599951.3
24 13 -1582968.7
25 13 -2633122.69
26 13 -23362.7959
27 13 553018.172
28 13 -325299.942
29 13 -6390829.54
30 13 -401135.946
31 13 -1412038.91
32 13 -25046.2757
33 13 440107.73
34 13 -205973.812
35 13 -3276912.32
36 13 -224720.013
37 13 -915251.933
38 13 11767.5389
39 13 372435.31
40 13 -213171.087
41 13 -2071324.46
42 13 -87253.0104
43 13 -626501.799
44 13 3972.97193
45 13 273866.523
46 13 -172558.014
47 13 -1413693.66
48 13 58511.5007
49 13 -493343.759
50 13 -571.517756
51 13 223202.984
52 13 -160368.503
53 13 -1161571.22
54 13 48123.0659
55 13 -396712.658
56 13 -2347.40222
57 13 188519.879
58 13 -143101.908
59 13 -948178.233
60 13 36532.0696
61 13 -235674.181
62 13 -982.771055
63 13 123664.205
64 13 -99595.107
65 13 -575333.773
66 13 31633.3773
1 14 -83246.5515
2 14 -6612087.06
3 14 -514772.44
4 14 14277127.8
5 14 -427921.074
6 14 232559.914
7 14 -70003.2382
8 14 -6281586.33
9 14 -548654.87
10 14 13797717.3
11 14 -269549.038
12 14 -321336.015
13 14 -256959.637
14 14 97267445.5
15 14 13970261.3
16 14 -179274600
17 14 6450476.59
18 14 -1760766.49
19 14 736227.958
20 14 -21862361.2
21 14 -7946860.68
22 14 17221282.3
23 14 326252.909
24 14 -1909501.04
25 14 -1331.45034
26 14 -2734210.11
27 14 -155443.597
28 14 6304338.21
29 14 -263820.328
30 14 -585110.025
31 14 4892.21767
32 14 -1541934.86
33 14 -93139.4204
34 14 3290547.48
35 14 -202907.678
36 14 -532994.678
37 14 28330.5785
38 14 -1069464.99
39 14 -560.70335
40 14 2132489.56
41 14 -183856.108
42 14 -355931.676
43 14 13105.7423
44 14 -744577.007
45 14 27861.7699
46 14 1447771.64
47 14 -258178.468
48 14 -271960.108
49 14 8668.79995
50 14 -585675.34
51 14 18105.5589
52 14 1173356.55
53 14 -238935.14
54 14 -239086.465
55 14 7109.967
56 14 -475888.236
57 14 9974.77731
58 14 959948.646
59 14 -204673.64
60 14 -204386.721
61 14 4753.53011
62 14 -290485.662
63 14 8625.72141
64 14 593126.582
65 14 -136102.829
66 14 -136361.532
1 15 208092.688
2 15 -526364.278
3 15 -951107.89
4 15 1413399.94
5 15 660520.946
6 15 76279.2948
7 15 298059.04
8 15 -525763.531
9 15 -885557.388
10 15 1427985.2
11 15 990861.801
12 15 57410.3839
13 15 -2819341.67
14 15 13970261.3
15 15 15876707.9
16 15 -19507920.9
17 15 -12789598
18 15 -1805342.12
19 15 -443509.383
20 15 -7980828.24
21 15 -3751919.77
22 15 3474232.04
23 15 794082.27
24 15 -771628.308
25 15 90076.4576
26 15 -139075.992
27 15 -377273.617
28 15 454246.569
29 15 564992.308
30 15 4811.1406
31 15 22184.4098
32 15 -100333.261
33 15 -169366.381
34 15 271329.046
35 15 247090.055
36 15 -14894.1036
37 15 15595.134
38 15 -75232.2389
39 15 -117342.627
40 15 168033.26
41 15 194681.206
42 15 -6820.6883
43 15 23772.7755
44 15 -26858.0082
45 15 -97911.0394
46 15 67866.6414
47 15 158606.094
48 15 -8586.94188
49 15 29695.6442
50 15 -24057.3721
51 15 -90748.2853
52 15 69532.4903
53 15 158340.32
54 15 -9562.12265
55 15 31778.7237
56 15 -22847.2776
57 15 -77970.1603
58 15 68071.5499
59 15 153681.019
60 15 -10627.6235
61 15 28730.3412
62 15 -11042.8732
63 15 -48801.5587
64 15 42145.4144
65 15 117197.098
66 15 -9058.77257
1 16 -76890.2648
2 16 14396844.3
3 16 1397910.58
4 16 -31884118.3
5 16 294980.627
6 16 272222.165
7 16 -104067.699
8 16 13795637.7
9 16 1480734.41
10 16 -31030934.3
11 16 -106558.358
12 16 1368545.08
13 16 2453508.49
14 16 -179274600
15 16 -19507920.9
16 16 407882754
17 16 -3001572.58
18 16 -8736002.45
19 16 -302705.386
20 16 17139547.9
21 16 3383217.31
22 16 -28827396.1
23 16 486619.194
24 16 1796237.43
25 16 -160963.908
26 16 6073412.4
27 16 472149.77
28 16 -14283305.8
29 16 127713.748
30 16 1549985.57
31 16 -64731.4896
32 16 3378029.96
33 16 273309.642
34 16 -7350735.98
35 16 255405.456
36 16 1286290.64
37 16 -85287.4806
38 16 2373135.92
39 16 48662.8037
40 16 -4840295.66
41 16 303529.453
42 16 861971.215
43 16 -32951.9678
44 16 1646027.51
45 16 -32735.0282
46 16 -3265121.95
47 16 539171.375
48 16 627820.929
49 16 -22172.3242
50 16 1329964.65
51 16 -14986.0575
52 16 -2711880.29
53 16 506775.247
54 16 563452.298
55 16 -20854.0751
56 16 1084938.89
57 16 -2182.12676
58 16 -2229808.16
59 16 428399.018
60 16 487056.694
61 16 -17961.1469
62 16 664906.516
63 16 -6490.629
64 16 -1386574.84
65 16 278859.612
66 16 326276.502
1 17 -15087771.3
2 17 -558548.881
3 17 -293907.348
4 17 1236571.3
5 17 -34818059.8
6 17 -2326590.57
7 17 -14384392.3
8 17 -544123.802
9 17 559872.037
10 17 1262877.59
11 17 -33625497
12 17 -2721428.52
13 17 178225585
14 17 6450476.59
15 17 -12789598
16 17 -3001572.58
17 17 427906895
18 17 36164981.7
19 17 -13375357.7
20 17 -1188605.79
21 17 1801559.37
22 17 -192476.661
23 17 -29232769
24 17 -2645384.27
25 17 -6039475.45
26 17 -203811.122
27 17 1387592.46
28 17 -456895.217
29 17 -15139389.7
30 17 -1029901.43
31 17 -3187822.5
32 17 -174570.781
33 17 1036800.18
34 17 -264033.556
35 17 -7630897.5
36 17 -570951.397
37 17 -2114519.08
38 17 -69849.9441
39 17 894633.365
40 17 -336788.27
41 17 -4949970.35
42 17 -239448.117
43 17 -1445775.92
44 17 -74400.7566
45 17 639774.714
46 17 -254100.084
47 17 -3368439.53
48 17 99440.7047
49 17 -1173019.38
50 17 -68474.8884
51 17 536892.51
52 17 -270262.669
53 17 -2843097.2
54 17 85698.5432
55 17 -947686.369
56 17 -56791.2475
57 17 463665.425
58 17 -262918.471
59 17 -2338363.82
60 17 65133.151
61 17 -563169.838
62 17 -29614.0477
63 17 309125.364
64 17 -199498.869
65 17 -1425732.32
66 17 60713.0426
1 18 -1097851.49
2 18 238073.648
3 18 28107.5693
4 18 68534.3008
5 18 -2551837.11
6 18 -3699128.93
7 18 -1066280.24
8 18 81337.5819
9 18 71594.9131
10 18 325718.369
11 18 -2455652.1
12 18 -3513661.07
13 18 14970677.2
14 18 -1760766.49
15 18 -1805342.12
16 18 -8736002.45
17 18 36164981.7
18 18 49847245.9
19 18 -1410604.45
20 18 1612938.46
21 18 995331.127
22 18 -766248.907
23 18 -2197945.64
24 18 -2934926.33
25 18 -325950.056
26 18 71820.3351
27 18 74592.9701
28 18 74720.1858
29 18 -857137.473
30 18 -1506071.6
31 18 -192735.535
32 18 141319.403
33 18 68266.4469
34 18 -209457.859
35 18 -424114.664
36 18 -648521.3
37 18 -119426.781
38 18 65985.1329
39 18 46804.9257
40 18 -13646.0441
41 18 -229017.892
42 18 -456141.549
43 18 -50779.0863
44 18 6613.91832
45 18 22055.3959
46 18 42157.9763
47 18 -115032.38
48 18 -341160.376
49 18 -45303.2687
50 18 -28756.7562
51 18 21852.2737
52 18 96234.3151
53 18 -118810.436
54 18 -314087.672
55 18 -44750.5955
56 18 -47153.15
57 18 23523.3455
58 18 128590.95
59 18 -131387.706
60 18 -263507.965
61 18 -24187.7093
62 18 -53325.3782
63 18 14526.8443
64 18 128199.51
65 18 -93236.9796
66 18 -154915.194
1 19 -4459873.45
2 19 -220.148234
3 19 -45411.4238
4 19 -27692.2034
5 19 -10224971.9
6 19 -666100.24
7 19 -4356766.88
8 19 -1790.67443
9 19 173727.105
10 19 2739.98124
11 19 -10082086
12 19 -802800.062
13 19 -9648799.34
14 19 736227.958
15 19 -443509.383
16 19 -302705.386
17 19 -13375357.7
18 19 -1410604.45
19 19 66763550.7
20 19 975025.929
21 19 -10800563.9
22 19 6093262.65
23 19 141659185
24 19 13514403.8
25 19 -2740407.27
26 19 -22717.4762
27 19 553956.956
28 19 -323273.903
29 19 -6594564.41
30 19 -450578.625
31 19 -1554580.2
32 19 -9833.03483
33 19 475984.901
34 19 -255318.158
35 19 -3528487.76
36 19 -188794.85
37 19 -1000089.12
38 19 890.995181
39 19 398966.837
40 19 -212302.956
41 19 -2253377.81
42 19 -108328.396
43 19 -692365.6
44 19 -5251.65972
45 19 289076.274
46 19 -172643.931
47 19 -1550260.44
48 19 43044.9278
49 19 -540298.386
50 19 -7249.87811
51 19 229425.931
52 19 -162414.261
53 19 -1256295.75
54 19 31209.4972
55 19 -419020.535
56 19 -6088.28464
57 19 193114.499
58 19 -144702.307
59 19 -994151.996
60 19 26874.4475
61 19 -240312.308
62 19 -2944.87728
63 19 126177.514
64 19 -99051.1975
65 19 -586018.027
66 19 25907.3059
1 20 -43197.1145
2 20 -4571638.77
3 20 -348247.752
4 20 10111820.9
5 20 -219540.992
6 20 -63801.9735
7 20 -39205.5385
8 20 -4448007.35
9 20 -388926.324
10 20 9950667.37
11 20 -127396.254
12 20 -385372.429
13 20 -623349.674
14 20 -21862361.2
15 20 -7980828.24
16 20 17139547.9
17 20 -1188605.79
18 20 1612938.46
19 20 975025.929
20 20 81721923.3
21 20 12208556.1
22 20 -145484920
23 20 6715038.05
24 20 10201416.1
25 20 -14092.3809
26 20 -2827628.02
27 20 -194084.513
28 20 6486717.03
29 20 -309280.579
30 20 -536097.723
31 20 1869.5717
32 20 -1657358.83
33 20 -67060.1344
34 20 3475909.13
35 20 -228914.565
36 20 -541167.284
37 20 23899.3554
38 20 -1120257.64
39 20 -9083.67778
40 20 2225154.55
41 20 -195828.778
42 20 -350740.045
43 20 9522.6373
44 20 -782281.627
45 20 16062.4434
46 20 1509326.23
47 20 -267122.729
48 20 -253483.771
49 20 5765.71854
50 20 -610081.518
51 20 5802.31533
52 20 1209308.18
53 20 -241931.52
54 20 -215370.263
55 20 5343.28094
56 20 -481124.268
57 20 2481.27137
58 20 963353.578
59 20 -201238.435
60 20 -191100.472
61 20 4011.34051
62 20 -284710.899
63 20 4262.17894
64 20 578474.972
65 20 -128922.336
66 20 -131426.208
1 21 685274.838
2 21 -339668.869
3 21 -585175.638
4 21 916921.861
5 21 1673035.71
6 21 99298.9016
7 21 699863.106
8 21 -354808.462
9 21 -594004.628
10 21 961541.503
11 21 1811108.85
12 21 103690.146
13 21 2593320.19
14 21 -7946860.68
15 21 -3751919.77
16 21 3383217.31
17 21 1801559.37
18 21 995331.127
19 21 -10800563.9
20 21 12208556.1
21 21 15052256.9
22 21 -16369698.1
23 21 -25140989.9
24 21 -1117069.75
25 21 308143.761
26 21 -168114.785
27 21 -424573.722
28 21 560925.705
29 21 1081783.11
30 21 36976.708
31 21 145235.466
32 21 -67750.7402
33 21 -217175.299
34 21 243214.926
35 21 541667.497
36 21 7032.35412
37 21 95263.8123
38 21 -82158.3794
39 21 -157512.904
40 21 199727.378
41 21 380190.219
42 21 1173.82583
43 21 73618.5008
44 21 -34836.373
45 21 -128720.914
46 21 98601.2311
47 21 272462.816
48 21 -12955.8231
49 21 64592.788
50 21 -32021.8501
51 21 -113408.021
52 21 98368.7118
53 21 241579.131
54 21 -12495.0363
55 21 63157.3135
56 21 -26055.6517
57 21 -95641.4811
58 21 87026.5313
59 21 229100.873
60 21 -13216.8001
61 21 49114.9367
62 21 -12270.3592
63 21 -59583.2933
64 21 54002.6662
65 21 165901.254
66 21 -11568.0493
1 22 -437225.094
2 22 10231322.8
3 22 949276.65
4 22 -22980556.1
5 22 -775723.345
6 22 495928.166
7 22 -436934.809
8 22 9979367.51
9 22 1062264.7
10 22 -22666062.5
11 22 -1010989.5
12 22 1175378.24
13 22 -552694.705
14 22 17221282.3
15 22 3474232.04
16 22 -28827396.1
17 22 -192476.661
18 22 -766248.907
19 22 6093262.65
20 22 -145484920
21 22 -16369698.1
22 22 326578080
23 22 1410913.02
24 22 -23482641.2
25 22 -286827.227
26 22 6254145.16
27 22 605445.061
28 22 -14684342.2
29 22 -176567.448
30 22 1409299.49
31 22 -170411.284
32 22 3574294.42
33 22 266640.392
34 22 -7694924.16
35 22 39775.3163
36 22 1285805.4
37 22 -144011.289
38 22 2485981.71
39 22 95578.9541
40 22 -5069784.78
41 22 170286.011
42 22 843534.91
43 22 -67037.7359
44 22 1727859.99
45 22 11913.5768
46 22 -3414622.35
47 22 462787.93
48 22 585386.177
49 22 -49668.0077
50 22 1382452.02
51 22 27372.6857
52 22 -2804041.51
53 22 432234.092
54 22 510053.538
55 22 -45400.1394
56 22 1095953.24
57 22 26794.3776
58 22 -2250818.21
59 22 352633.721
60 22 458335.505
61 22 -33269.2551
62 22 651904.034
63 22 11709.145
64 22 -1363618.32
65 22 221078.631
66 22 316215.763
1 23 -10448127.8
2 23 -436871.608
3 23 312930.251
4 23 840426.613
5 23 -24513172
6 23 -1557845.84
7 23 -10235764.6
8 23 -423453.775
9 23 801457.451
10 23 863535.195
11 23 -24304430
12 23 -1902406.61
13 23 -13599951.3
14 23 326252.909
15 23 794082.27
16 23 486619.194
17 23 -29232769
18 23 -2197945.64
19 23 141659185
20 23 6715038.05
21 23 -25140989.9
22 23 1410913.02
23 23 343496531
24 23 31439049.5
25 23 -6279136.85
26 23 -342452.18
27 23 1481506.21
28 23 -166749.505
29 23 -15784533.5
30 23 -1141014.67
31 23 -3454153.87
32 23 -212729.262
33 23 1150799.83
34 23 -240137.624
35 23 -8208001.23
36 23 -534342.461
37 23 -2314176.34
38 23 -140885.066
39 23 991276.959
40 23 -251850.393
41 23 -5454572.42
42 23 -294505.316
43 23 -1608119.58
44 23 -134512.907
45 23 701279.727
46 23 -186363.522
47 23 -3757045.8
48 23 67102.425
49 23 -1295179.99
50 23 -113419.649
51 23 576430.534
52 23 -226900.361
53 23 -3135495.92
54 23 51074.2292
55 23 -1011500.1
56 23 -85226.9043
57 23 497571.209
58 23 -236674.869
59 23 -2509766.12
60 23 45401.3081
61 23 -583772.232
62 23 -44343.4913
63 23 329808.968
64 23 -184973.736
65 23 -1495699.85
66 23 47937.019
1 24 -880089.698
2 24 -644853.611
3 24 -15557.3025
4 24 1704933.26
5 24 -2076709.25
6 24 -2481058.42
7 24 -882021.485
8 24 -675005.071
9 24 15054.7854
10 24 1776154.87
11 24 -2051908.86
12 24 -2481466.06
13 24 -1582968.7
14 24 -1909501.04
15 24 -771628.308
16 24 1796237.43
17 24 -2645384.27
18 24 -2934926.33
19 24 13514403.8
20 24 10201416.1
21 24 -1117069.75
22 24 -23482641.2
23 24 31439049.5
24 24 39746429.5
25 24 -459499.692
26 24 -229189.415
27 24 87883.1037
28 24 754815.032
29 24 -1197323
30 24 -1624529.72
31 24 -200835.291
32 24 -36036.52
33 24 56697.9043
34 24 171861.391
35 24 -504453.301
36 24 -745833.773
37 24 -164166.74
38 24 -60151.8142
39 24 65206.0919
40 24 226803.985
41 24 -357765.527
42 24 -529115.637
43 24 -89204.6977
44 24 -65069.2343
45 24 39288.3118
46 24 169429.271
47 24 -225682.333
48 24 -397073.195
49 24 -80344.8774
50 24 -75616.5266
51 24 36247.0157
52 24 180382.896
53 24 -217557.505
54 24 -358144.497
55 24 -66882.3522
56 24 -94818.2529
57 24 33204.1084
58 24 216028.951
59 24 -203642.32
60 24 -291391.006
61 24 -35761.8058
62 24 -87014.5149
63 24 20742.0972
64 24 189891.701
65 24 -137012.821
66 24 -167903.596
1 25 -2166590.11
2 25 500.196694
3 25 30169.039
4 25 -11995.7365
5 25 -5021778.29
6 25 -308984.384
7 25 -2197683.71
8 25 3392.90932
9 25 123677.424
10 25 -9540.64764
11 25 -5127259.36
12 25 -380448.836
13 25 -2633122.69
14 25 -1331.45034
15 25 90076.4576
16 25 -160963.908
17 25 -6039475.45
18 25 -325950.056
19 25 -2740407.27
20 25 -14092.3809
21 25 308143.761
22 25 -286827.227
23 25 -6279136.85
24 25 -459499.692
25 25 42426235.9
26 25 380957.562
27 25 -8315294.14
28 25 4984797.2
29 25 100487107
30 25 7404161.94
31 25 -2472302.6
32 25 -7459.80093
33 25 625692.902
34 25 -441078.369
35 25 -5538367.63
36 25 -278993.758
37 25 -1441220.89
38 25 -7604.29466
39 25 455369.042
40 25 -337109.297
41 25 -3192449.79
42 25 -185664.956
43 25 -695883.51
44 25 -11730.3179
45 25 277609.675
46 25 -176196.669
47 25 -1576514.04
48 25 16809.9994
49 25 -503661.903
50 25 -12514.4845
51 25 216754.715
52 25 -148036.149
53 25 -1186263.08
54 25 143.060674
55 25 -389579.35
56 25 -9572.72542
57 25 183507.618
58 25 -133166.239
59 25 -937769.722
60 25 7185.73058
61 25 -229762.116
62 25 -5338.41721
63 25 121369.683
64 25 -92387.7738
65 25 -564833.811
66 25 16588.0749
1 26 -36715.6624
2 26 -2299644.26
3 26 -164365.068
4 26 5100655.45
5 26 -150190.772
6 26 -128967.09
7 26 -31883.881
8 26 -2309193.27
9 26 -184241.625
10 26 5166531.53
11 26 -94064.3384
12 26 -269314.904
13 26 -23362.7959
14 26 -2734210.11
15 26 -139075.992
16 26 6073412.4
17 26 -203811.122
18 26 71820.3351
19 26 -22717.4762
20 26 -2827628.02
21 26 -168114.785
22 26 6254145.16
23 26 -342452.18
24 26 -229189.415
25 26 380957.562
26 26 44779432.9
27 26 2870412.81
28 26 -100726407
29 26 5185029.08
30 26 9045639.76
31 26 8911.61002
32 26 -2573954.93
33 26 -91096.8916
34 26 5409141.2
35 26 -334375.672
36 26 -583791.375
37 26 31339.2376
38 26 -1522101.39
39 26 -23179.6051
40 26 3034131.23
41 26 -225855.078
42 26 -271817.797
43 26 11357.4187
44 26 -753215.528
45 26 2127.19168
46 26 1461829.16
47 26 -233337.87
48 26 -224813.552
49 26 5690.05834
50 26 -552539.988
51 26 -9636.6499
52 26 1096897.28
53 26 -202496.814
54 26 -201447.57
55 26 5337.11899
56 26 -436037.488
57 26 -6591.66532
58 26 878691.342
59 26 -171108.02
60 26 -181972.342
61 26 4053.92524
62 26 -264793.654
63 26 -47.5410428
64 26 540109.675
65 26 -114121.801
66 26 -124535.774
1 27 571638.609
2 27 -177639.72
3 27 -280972.729
4 27 468533.227
5 27 1372728.62
6 27 69985.8309
7 27 580064.029
8 27 -185886.829
9 27 -300917.059
10 27 492759.064
11 27 1447003.05
12 27 78537.6118
13 27 553018.172
14 27 -155443.597
15 27 -377273.617
16 27 472149.77
17 27 1387592.46
18 27 74592.9701
19 27 553956.956
20 27 -194084.513
21 27 -424573.722
22 27 605445.061
23 27 1481506.21
24 27 87883.1037
25 27 -8315294.14
26 27 2870412.81
27 27 8265064.84
28 27 -9539938
29 27 -24586900.8
30 27 -1106518.28
31 27 338271.054
32 27 -115389.567
33 27 -357309.275
34 27 414239.073
35 27 1007724.36
36 27 23132.0927
37 27 173301.791
38 27 -126174.459
39 27 -239173.333
40 27 312387.943
41 27 579438.927
42 27 15834.3512
43 27 125927.115
44 27 -45603.9872
45 27 -150275.851
46 27 137991.329
47 27 382180.989
48 27 -15310.3124
49 27 105742.631
50 27 -41617.99
51 27 -123404.703
52 27 134891.597
53 27 325807.459
54 27 -13464.0491
55 27 95275.7598
56 27 -31155.9581
57 27 -103898.603
58 27 112529.644
59 27 295734.146
60 27 -14409.091
61 27 66914.8245
62 27 -15129.3668
63 27 -65759.1517
64 27 68777.4256
65 27 203085.598
66 27 -13082.5983
1 28 -235938.793
2 28 5374199.43
3 28 475471.998
4 28 -12114158
5 28 -441691.173
6 28 495211.441
7 28 -254922.05
8 28 5392559.67
9 28 536054.729
10 28 -12263188.5
11 28 -618646.736
12 28 810674.891
13 28 -325299.942
14 28 6304338.21
15 28 454246.569
16 28 -14283305.8
17 28 -456895.217
18 28 74720.1858
19 28 -323273.903
20 28 6486717.03
21 28 560925.705
22 28 -14684342.2
23 28 -166749.505
24 28 754815.032
25 28 4984797.2
26 28 -100726407
27 28 -9539938
28 28 242689569
29 28 4193169.64
30 28 -23894861.4
31 28 -349348.818
32 28 5772777.22
33 28 403181.095
34 28 -12464281.8
35 28 -115602.688
36 28 1438715.71
37 28 -269188.572
38 28 3539160.94
39 28 164309.847
40 28 -7248107.37
41 28 5174.70478
42 28 696151.044
43 28 -98003.2218
44 28 1737923.11
45 28 52452.4151
46 28 -3468683.04
47 28 341488.326
48 28 542113.835
49 28 -65100.8008
50 28 1301652.72
51 28 70645.3322
52 28 -2655519.61
53 28 321396.166
54 28 496886.729
55 28 -58478.0775
56 28 1036571.42
57 28 54910.0802
58 28 -2152876.35
59 28 267991.668
60 28 455709.184
61 28 -41010.6188
62 28 632415.993
63 28 25980.7113
64 28 -1333428.28
65 28 179382.047
66 28 312627.695
1 29 -5466578.33
2 29 -216271.128
3 29 369752.912
4 29 389403.271
5 29 -12992656
6 29 -770711.655
7 29 -5528100.94
8 29 -202684.856
9 29 597184.706
10 29 373164.01
11 29 -13271731.5
12 29 -963810.501
13 29 -6390829.54
14 29 -263820.328
15 29 564992.308
16 29 127713.748
17 29 -15139389.7
18 29 -857137.473
19 29 -6594564.41
20 29 -309280.579
21 29 1081783.11
22 29 -176567.448
23 29 -15784533.5
24 29 -1197323
25 29 100487107
26 29 5185029.08
27 29 -24586900.8
28 29 4193169.64
29 29 260539959
30 29 19806517.6
31 29 -5746299.8
32 29 -295096.718
33 29 1611902.14
34 29 -569483.123
35 29 -13482078.7
36 29 -805192.193
37 29 -3516744.89
38 29 -170630.408
39 29 1220304.45
40 29 -589295.056
41 29 -8147036.06
42 29 -479072.745
43 29 -1716956.99
44 29 -132736.794
45 29 736906.416
46 29 -267831.827
47 29 -4079599.1
48 29 19663.9697
49 29 -1275549.73
50 29 -107267.028
51 29 596346.492
52 29 -258884.044
53 29 -3146061.87
54 29 -13820.5559
55 29 -998457.298
56 29 -80139.5506
57 29 517198.509
58 29 -262170.408
59 29 -2529257.07
60 29 4917.50201
61 29 -594637.287
62 29 -45107.5951
63 29 344324.505
64 29 -197221.317
65 29 -1542851.06
66 29 30787.6295
1 30 -406723.519
2 30 -675076.836
3 30 -19373.9403
4 30 1627769.87
5 30 -968658.513
6 30 -1269713.54
7 30 -413876.665
8 30 -674376.001
9 30 -8944.11069
10 30 1646458.29
11 30 -965774.41
12 30 -1309538.7
13 30 -401135.946
14 30 -585110.025
15 30 4811.1406
16 30 1549985.57
17 30 -1029901.43
18 30 -1506071.6
19 30 -450578.625
20 30 -536097.723
21 30 36976.708
22 30 1409299.49
23 30 -1141014.67
24 30 -1624529.72
25 30 7404161.94
26 30 9045639.76
27 30 -1106518.28
28 30 -23894861.4
29 30 19806517.6
30 30 29076492.2
31 30 -287289.129
32 30 -86028.6472
33 30 66937.9022
34 30 271959.018
35 30 -734803.094
36 30 -1220177.41
37 30 -238838.696
38 30 -55540.417
39 30 74231.7946
40 30 220599.625
41 30 -515830.031
42 30 -821969.287
43 30 -100933.33
44 30 -126381.31
45 30 40678.8902
46 30 278737.332
47 30 -275728.948
48 30 -440547.508
49 30 -92466.7246
50 30 -133370.176
51 30 38617.9922
52 30 285594.425
53 30 -267024.712
54 30 -358941.073
55 30 -71638.3502
56 30 -141338.292
57 30 32861.9957
58 30 302875.302
59 30 -233777.138
60 30 -292333.41
61 30 -37829.7176
62 30 -111477.199
63 30 20263.2116
64 30 235970.972
65 30 -151830.144
66 30 -171735.787
1 31 -1213708.05
2 31 10028.4236
3 31 -48504.7576
4 31 -19552.9511
5 31 -2746101.68
6 31 -157726.122
7 31 -1251329.85
8 31 12731.5174
9 31 6742.60487
10 31 -18708.8249
11 31 -2842937.76
12 31 -192014.828
13 31 -1412038.91
14 31 4892.21767
15 31 22184.4098
16 31 -64731.4896
17 31 -3187822.5
18 31 -192735.535
19 31 -1554580.2
20 31 1869.5717
21 31 145235.466
22 31 -170411.284
23 31 -3454153.87
24 31 -200835.291
25 31 -2472302.6
26 31 8911.61002
27 31 338271.054
28 31 -349348.818
29 31 -5746299.8
30 31 -287289.129
31 31 31555821.3
32 31 132768.294
33 31 -8367315.32
34 31 5355476.97
35 31 69412989.3
36 31 4045856.11
37 31 -1759165.94
38 31 -19331.298
39 31 564196.058
40 31 -380426.835
41 31 -3891383.97
42 31 -215145.638
43 31 -821663.963
44 31 -16386.4728
45 31 348780.896
46 31 -203282.555
47 31 -1870977.9
48 31 42158.9791
49 31 -604200.699
50 31 -15655.6409
51 31 277775.638
52 31 -175445.455
53 31 -1431740.67
54 31 17730.1294
55 31 -481880.822
56 31 -12509.5814
57 31 237149.035
58 31 -158751.096
59 31 -1165435.76
60 31 24940.654
61 31 -285938.265
62 31 -7342.97339
63 31 154567.169
64 31 -110056.372
65 31 -705442.339
66 31 29679.7961
1 32 -21379.3119
2 32 -1385489.76
3 32 -91092.2371
4 32 3023099.15
5 32 -100561.433
6 32 93046.0492
7 32 -19061.587
8 32 -1398266.31
9 32 -98718.1275
10 32 3080170.5
11 32 -72533.0518
12 32 1004.60201
13 32 -25046.2757
14 32 -1541934.86
15 32 -100333.261
16 32 3378029.96
17 32 -174570.781
18 32 141319.403
19 32 -9833.03483
20 32 -1657358.83
21 32 -67750.7402
22 32 3574294.42
23 32 -212729.262
24 32 -36036.52
25 32 -7459.80093
26 32 -2573954.93
27 32 -115389.567
28 32 5772777.22
29 32 -295096.718
30 32 -86028.6472
31 32 132768.294
32 32 34162580.9
33 32 1360655.94
34 32 -70077510.2
35 32 5001116.26
36 32 10184968.9
37 32 30910.3804
38 32 -1825261.2
39 32 -23487.2612
40 32 3621539.26
41 32 -297844.755
42 32 -310532.517
43 32 12171.0298
44 32 -868952.667
45 32 15278.2036
46 32 1682311.26
47 32 -279755.148
48 32 -276071.985
49 32 5897.9701
50 32 -648799.688
51 32 -1751.63634
52 32 1282593.6
53 32 -247319.703
54 32 -250762.386
55 32 5362.01997
56 32 -526682.154
57 32 632.860998
58 32 1056864.1
59 32 -219726.563
60 32 -224711.06
61 32 4173.16308
62 32 -319915
63 32 4862.6405
64 32 650185.34
65 32 -146505.264
66 32 -149871.068
1 33 405119.481
2 33 -89486.7765
3 33 -125600.476
4 33 239058.011
5 33 927191.356
6 33 55500.4579
7 33 420879.791
8 33 -90180.2857
9 33 -145522.839
10 33 242368.792
11 33 991153.257
12 33 61430.2696
13 33 440107.73
14 33 -93139.4204
15 33 -169366.381
16 33 273309.642
17 33 1036800.18
18 33 68266.4469
19 33 475984.901
20 33 -67060.1344
21 33 -217175.299
22 33 266640.392
23 33 1150799.83
24 33 56697.9043
25 33 625692.902
26 33 -91096.8916
27 33 -357309.275
28 33 403181.095
29 33 1611902.14
30 33 66937.9022
31 33 -8367315.32
32 33 1360655.94
33 33 7691517.52
34 33 -5688487.39
35 33 -23025370.6
36 33 -783185.529
37 33 411175.996
38 33 -135562.91
39 33 -375967.539
40 33 384812.249
41 33 1172888.77
42 33 45793.0702
43 33 262804.896
44 33 -30700.1803
45 33 -237062.058
46 33 144628.908
47 33 735216.382
48 33 -25768.3775
49 33 212881.707
50 33 -33042.863
51 33 -196239.897
52 33 153374.775
53 33 611891.926
54 33 -20744.2857
55 33 183908.612
56 33 -24195.8731
57 33 -169152.189
58 33 130914.12
59 33 539907.233
60 33 -22766.7758
61 33 121374.22
62 33 -10070.6684
63 33 -107414.374
64 33 81778.4415
65 33 355228.679
66 33 -20865.6336
1 34 -190961.152
2 34 2972179.05
3 34 234152.991
4 34 -6592531.47
5 34 -357342.96
6 34 -101220.883
7 34 -202933.262
8 34 3002697.53
9 34 261430.925
10 34 -6726974.06
11 34 -448087.437
12 34 87562.4569
13 34 -205973.812
14 34 3290547.48
15 34 271329.046
16 34 -7350735.98
17 34 -264033.556
18 34 -209457.859
19 34 -255318.158
20 34 3475909.13
21 34 243214.926
22 34 -7694924.16
23 34 -240137.624
24 34 171861.391
25 34 -441078.369
26 34 5409141.2
27 34 414239.073
28 34 -12464281.8
29 34 -569483.123
30 34 271959.018
31 34 5355476.97
32 34 -70077510.2
33 34 -5688487.39
34 34 157070302
35 34 4258606.73
36 34 -23205869.8
37 34 -407772.874
38 34 3963094.27
39 34 218390.074
40 34 -8127405.36
41 34 -215056.76
42 34 730799.551
43 34 -161590.721
44 34 1871864.6
45 34 47643.8727
46 34 -3755602.32
47 34 258202.426
48 34 625102.739
49 34 -114509.483
50 34 1427659.16
51 34 73117.3072
52 34 -2924425.79
53 34 266830.167
54 34 577340.922
55 34 -96810.8017
56 34 1172251.16
57 34 56252.7185
58 34 -2444053.96
59 34 252844.788
60 34 525160.443
61 34 -63988.9236
62 34 717176.334
63 34 27524.0237
64 34 -1519489.25
65 34 175519.241
66 34 352108.084
1 35 -2870339.67
2 35 -159938.305
3 35 65206.7026
4 35 302316.356
5 35 -6642812.74
6 35 -348196.281
7 35 -2957951.44
8 35 -155252.738
9 35 196945.778
10 35 305934.493
11 35 -6905516.76
12 35 -443535.415
13 35 -3276912.32
14 35 -202907.678
15 35 247090.055
16 35 255405.456
17 35 -7630897.5
18 35 -424114.664
19 35 -3528487.76
20 35 -228914.565
21 35 541667.497
22 35 39775.3163
23 35 -8208001.23
24 35 -504453.301
25 35 -5538367.63
26 35 -334375.672
27 35 1007724.36
28 35 -115602.688
29 35 -13482078.7
30 35 -734803.094
31 35 69412989.3
32 35 5001116.26
33 35 -23025370.6
34 35 4258606.73
35 35 172106108
36 35 11503515.5
37 35 -4118140
38 35 -281582.591
39 35 1556875.28
40 35 -506799.775
41 35 -9690979.1
42 35 -541085.36
43 35 -1981195.86
44 35 -192308.059
45 35 965966.818
46 35 -236382.728
47 35 -4821909.03
48 35 74004.006
49 35 -1506606.75
50 35 -151883.277
51 35 795156.147
52 35 -259769.132
53 35 -3806393.99
54 35 26011.9032
55 35 -1223447.79
56 35 -123426.927
57 35 695142.11
58 35 -262010.494
59 35 -3172201.48
60 35 45875.7743
61 35 -739336.694
62 35 -73491.1862
63 35 455547.907
64 35 -202349.027
65 35 -1958665.75
66 35 60546.8056
1 36 -205959.619
2 36 -511565.645
3 36 -24734.505
4 36 1201019.71
5 36 -498859.2
6 36 -581943.572
7 36 -204509.613
8 36 -520697.523
9 36 -19926.3803
10 36 1234248.75
11 36 -485500.013
12 36 -629830.341
13 36 -224720.013
14 36 -532994.678
15 36 -14894.1036
16 36 1286290.64
17 36 -570951.397
18 36 -648521.3
19 36 -188794.85
20 36 -541167.284
21 36 7032.35412
22 36 1285805.4
23 36 -534342.461
24 36 -745833.773
25 36 -278993.758
26 36 -583791.375
27 36 23132.0927
28 36 1438715.71
29 36 -805192.193
30 36 -1220177.41
31 36 4045856.11
32 36 10184968.9
33 36 -783185.529
34 36 -23205869.8
35 36 11503515.5
36 36 21751965.2
37 36 -272590.914
38 36 -405095.531
39 36 84518.4421
40 36 934545.402
41 36 -652769.307
42 36 -1040601.66
43 36 -89682.1647
44 36 -332234.813
45 36 44534.4671
46 36 686262.849
47 36 -327721.777
48 36 -558602.111
49 36 -89275.294
50 36 -296548.13
51 36 41919.8294
52 36 612801.048
53 36 -328541.418
54 36 -466892.907
55 36 -70352.9454
56 36 -277547.191
57 36 36550.7077
58 36 580547.364
59 36 -293598.928
60 36 -398614.728
61 36 -37058.5109
62 36 -196208.997
63 36 23492.5503
64 36 410158.905
65 36 -194437.14
66 36 -240306.934
1 37 -763480.53
2 37 28941.8862
3 37 -36049.1744
4 37 -52917.8126
5 37 -1761883.73
6 37 -87184.1234
7 37 -806929.498
8 37 32414.9251
9 37 -1597.20958
10 37 -56022.7582
11 37 -1869313.56
12 37 -110755.985
13 37 -915251.933
14 37 28330.5785
15 37 15595.134
16 37 -85287.4806
17 37 -2114519.08
18 37 -119426.781
19 37 -1000089.12
20 37 23899.3554
21 37 95263.8123
22 37 -144011.289
23 37 -2314176.34
24 37 -164166.74
25 37 -1441220.89
26 37 31339.2376
27 37 173301.791
28 37 -269188.572
29 37 -3516744.89
30 37 -238838.696
31 37 -1759165.94
32 37 30910.3804
33 37 411175.996
34 37 -407772.874
35 37 -4118140
36 37 -272590.914
37 37 3.03998425e+09
38 37 1.40032472e+09
39 37 -1.79356477e+09
40 37 4576681.14
41 37 42586339.9
42 37 2481332.96
43 37 -1.19629723e+09
44 37 -353586115
45 37 621544383
46 37 -12434421.1
47 37 60216698.6
48 37 -24212688.6
49 37 -1.06554442e+09
50 37 -387320036
51 37 597936732
52 37 -13834636.2
53 37 55381353.8
54 37 -21621880.2
55 37 -713154946
56 37 -424201209
57 37 488831258
58 37 -18427199.6
59 37 43129525.5
60 37 -15230143.1
61 37 -297657756
62 37 -493563544
63 37 357033748
64 37 -26560992.3
65 37 26705045.8
66 37 -5942092.77
1 38 24119.03
2 38 -947240.401
3 38 -58628.8603
4 38 2078664.97
5 38 8322.28552
6 38 53900.7419
7 38 19814.1686
8 38 -970881.483
9 38 -67640.3443
10 38 2155840.96
11 38 14443.2445
12 38 -8963.45985
13 38 11767.5389
14 38 -1069464.99
15 38 -75232.2389
16 38 2373135.92
17 38 -69849.9441
18 38 65985.1329
19 38 890.995181
20 38 -1120257.64
21 38 -82158.3794
22 38 2485981.71
23 38 -140885.066
24 38 -60151.8142
25 38 -7604.29466
26 38 -1522101.39
27 38 -126174.459
28 38 3539160.94
29 38 -170630.408
30 38 -55540.417
31 38 -19331.298
32 38 -1825261.2
33 38 -135562.91
34 38 3963094.27
35 38 -281582.591
36 38 -405095.531
37 38 1.40032472e+09
38 38 4.1722337e+09
39 38 -2.68254482e+09
40 38 -43881960.9
41 38 4300446.3
42 38 6382860.84
43 38 -203177542
44 38 -1.16468514e+09
45 38 626971405
46 38 -57341900.2
47 38 26990630.1
48 38 -1961786.68
49 38 -324962753
50 38 -1.13794737e+09
51 38 662704985
52 38 -54911219.5
53 38 33908928.2
54 38 -4209186.86
55 38 -475468661
56 38 -903280906
57 38 614908495
58 38 -44781054.9
59 38 40937791.1
60 38 -8642368.99
61 38 -687913997
62 38 -643467124
63 38 597386433
64 38 -31304831
65 38 52369733.1
66 38 -15614123.4
1 39 321878.566
2 39 1086.92693
3 39 -76697.9402
4 39 24088.5692
5 39 752091.757
6 39 33129.5129
7 39 341536.88
8 39 -334.238646
9 39 -93715.178
10 39 26030.6424
11 39 816885.783
12 39 43644.7754
13 39 372435.31
14 39 -560.70335
15 39 -117342.627
16 39 48662.8037
17 39 894633.365
18 39 46804.9257
19 39 398966.837
20 39 -9083.67778
21 39 -157512.904
22 39 95578.9541
23 39 991276.959
24 39 65206.0919
25 39 455369.042
26 39 -23179.6051
27 39 -239173.333
28 39 164309.847
29 39 1220304.45
30 39 74231.7946
31 39 564196.058
32 39 -23487.2612
33 39 -375967.539
34 39 218390.074
35 39 1556875.28
36 39 84518.4421
37 39 -1.79356477e+09
38 39 -2.68254482e+09
39 39 1.91282336e+09
40 39 -2326903.47
41 39 -18891111.2
42 39 -1047607.43
43 39 527278683
44 39 717144495
45 39 -539280757
46 39 34359556
47 39 -34912408.7
48 39 9421149.12
49 39 543909656
50 39 715393967
51 39 -549348708
52 39 33518329.1
53 39 -36828686.9
54 39 9702491.48
55 39 497017869
56 39 608521709
57 39 -486656524
58 39 29849368.3
59 39 -36106266.9
60 39 9735777.9
61 39 459764675
62 39 500172726
63 39 -431508943
64 39 25548159.2
65 39 -36202075.8
66 39 10083509
1 40 -212631.666
2 40 1887023.7
3 40 124415.812
4 40 -4223909.91
5 40 -425844.963
6 40 15067.4659
7 40 -214581.291
8 40 1941226.47
9 40 149186.074
10 40 -4395474.56
11 40 -471375.786
12 40 133116.618
13 40 -213171.087
14 40 2132489.56
15 40 168033.26
16 40 -4840295.66
17 40 -336788.27
18 40 -13646.0441
19 40 -212302.956
20 40 2225154.55
21 40 199727.378
22 40 -5069784.78
23 40 -251850.393
24 40 226803.985
25 40 -337109.297
26 40 3034131.23
27 40 312387.943
28 40 -7248107.37
29 40 -589295.056
30 40 220599.625
31 40 -380426.835
32 40 3621539.26
33 40 384812.249
34 40 -8127405.36
35 40 -506799.775
36 40 934545.402
37 40 4576681.14
38 40 -43881960.9
39 40 -2326903.47
40 40 101143210
41 40 2656894.45
42 40 -13860521.3
43 40 -62877.2884
44 40 1449929.31
45 40 109003.792
46 40 -4406198.1
47 40 267463.684
48 40 551650.297
49 40 -82758.998
50 40 1390853.03
51 40 52689.9526
52 40 -3097079.06
53 40 331631.193
54 40 587452.595
55 40 -71701.5728
56 40 1228191.35
57 40 25934.7885
58 40 -2546571.09
59 40 294672.093
60 40 522043.721
61 40 -30517.0062
62 40 722684.24
63 40 2537.47104
64 40 -1517636.12
65 40 188466.923
66 40 353418.362
1 41 -1744915.7
2 41 -148222.386
3 41 59850.0006
4 41 309667.117
5 41 -4123267.93
6 41 -166631.049
7 41 -1845228.05
8 41 -145645.456
9 41 140760.682
10 41 315037.557
11 41 -4398701.92
12 41 -233127.127
13 41 -2071324.46
14 41 -183856.108
15 41 194681.206
16 41 303529.453
17 41 -4949970.35
18 41 -229017.892
19 41 -2253377.81
20 41 -195828.778
21 41 380190.219
22 41 170286.011
23 41 -5454572.42
24 41 -357765.527
25 41 -3192449.79
26 41 -225855.078
27 41 579438.927
28 41 5174.70478
29 41 -8147036.06
30 41 -515830.031
31 41 -3891383.97
32 41 -297844.755
33 41 1172888.77
34 41 -215056.76
35 41 -9690979.1
36 41 -652769.307
37 41 42586339.9
38 41 4300446.3
39 41 -18891111.2
40 41 2656894.45
41 41 114086175
42 41 5660021.15
43 41 -1601776.38
44 41 -240355.106
45 41 885282.262
46 41 -173331.33
47 41 -5481114.53
48 41 238010.178
49 41 -1489559.2
50 41 -215741.396
51 41 780033.792
52 41 -155113.47
53 41 -4017579.06
54 41 69691.9239
55 41 -1284086.25
56 41 -189318.442
57 41 716361.292
58 41 -192017.283
59 41 -3331774.71
60 41 47206.3779
61 41 -736062.014
62 41 -116199.546
63 41 465224.607
64 41 -165794.356
65 41 -1982650.17
66 41 53552.297
1 42 -70768.5321
2 42 -321115.496
3 42 -9533.76049
4 42 755049.697
5 42 -182376.606
6 42 -391542.599
7 42 -72509.8305
8 42 -330114.63
9 42 -8811.1379
10 42 784878.082
11 42 -178714.158
12 42 -425338.734
13 42 -87253.0104
14 42 -355931.676
15 42 -6820.6883
16 42 861971.215
17 42 -239448.117
18 42 -456141.549
19 42 -108328.396
20 42 -350740.045
21 42 1173.82583
22 42 843534.91
23 42 -294505.316
24 42 -529115.637
25 42 -185664.956
26 42 -271817.797
27 42 15834.3512
28 42 696151.044
29 42 -479072.745
30 42 -821969.287
31 42 -215145.638
32 42 -310532.517
33 42 45793.0702
34 42 730799.551
35 42 -541085.36
36 42 -1040601.66
37 42 2481332.96
38 42 6382860.84
39 42 -1047607.43
40 42 -13860521.3
41 42 5660021.15
42 42 15934827.6
43 42 -121846.513
44 42 -308084.573
45 42 51178.1646
46 42 538889.03
47 42 -142520.465
48 42 -634890.043
49 42 -79310.271
50 42 -243965.919
51 42 35365.1475
52 42 570766.587
53 42 -256837.38
54 42 -497964.269
55 42 -59414.6008
56 42 -242530.215
57 42 30628.6536
58 42 533917.172
59 42 -270217.922
60 42 -423001.688
61 42 -34708.6015
62 42 -174249.836
63 42 19750.5963
64 42 385686.718
65 42 -183381.062
66 42 -247213.309
1 43 -475563.626
2 43 12601.3442
3 43 -5601.21843
4 43 -14868.418
5 43 -1087358.54
6 43 -25565.3888
7 43 -498793.41
8 43 15478.0094
9 43 19121.392
10 43 -19381.581
11 43 -1148431.92
12 43 -34727.7949
13 43 -626501.799
14 43 13105.7423
15 43 23772.7755
16 43 -32951.9678
17 43 -1445775.92
18 43 -50779.0863
19 43 -692365.6
20 43 9522.6373
21 43 73618.5008
22 43 -67037.7359
23 43 -1608119.58
24 43 -89204.6977
25 43 -695883.51
26 43 11357.4187
27 43 125927.115
28 43 -98003.2218
29 43 -1716956.99
30 43 -100933.33
31 43 -821663.963
32 43 12171.0298
33 43 262804.896
34 43 -161590.721
35 43 -1981195.86
36 43 -89682.1647
37 43 -1.19629723e+09
38 43 -203177542
39 43 527278683
40 43 -62877.2884
41 43 -1601776.38
42 43 -121846.513
43 43 1.57126475e+09
44 43 -115931185
45 43 -555544072
46 43 -9840060.45
47 43 -42611556.5
48 43 32202010
49 43 -99524836
50 43 101322648
51 43 -3872551.25
52 43 5446598.45
53 43 299723.738
54 43 -2316414.97
55 43 -116797013
56 43 103125423
57 43 3304824.71
58 43 6157777.24
59 43 2535293.38
60 43 -3097061.55
61 43 -144523622
62 43 110447467
63 43 15413996.9
64 43 7479305.09
65 43 4614941.9
66 43 -3994506.35
1 44 12246.0772
2 44 -604557.014
3 44 -14432.0727
4 44 1315759.43
5 44 -9172.38876
6 44 -16550.8648
7 44 10219.1254
8 44 -614478.335
9 44 -17147.6155
10 44 1355465.29
11 44 -3164.50896
12 44 -61647.376
13 44 3972.97193
14 44 -744577.007
15 44 -26858.0082
16 44 1646027.51
17 44 -74400.7566
18 44 6613.91832
19 44 -5251.65972
20 44 -782281.627
21 44 -34836.373
22 44 1727859.99
23 44 -134512.907
24 44 -65069.2343
25 44 -11730.3179
26 44 -753215.528
27 44 -45603.9872
28 44 1737923.11
29 44 -132736.794
30 44 -126381.31
31 44 -16386.4728
32 44 -868952.667
33 44 -30700.1803
34 44 1871864.6
35 44 -192308.059
36 44 -332234.813
37 44 -353586115
38 44 -1.16468514e+09
39 44 717144495
40 44 1449929.31
41 44 -240355.106
42 44 -308084.573
43 44 -115931185
44 44 1.7119014e+09
45 44 -746336311
46 44 57289628
47 44 -14837988.2
48 44 1556715.98
49 44 123516560
50 44 -175056702
51 44 29990076.6
52 44 -6983147.67
53 44 -3638127.76
54 44 2480155.33
55 44 152412436
56 44 -171447782
57 44 14176752.3
58 44 -8826580.15
59 44 -4844383.38
60 44 3892107.66
61 44 195652393
62 44 -175837462
63 44 -7983705.12
64 44 -10751464.1
65 44 -7455631.15
66 44 5418814.9
1 45 224027.545
2 45 27467.9702
3 45 -62877.0993
4 45 -48376.1183
5 45 507256.551
6 45 12983.8277
7 45 238684.951
8 45 28425.6158
9 45 -74753.5852
10 45 -52884.1983
11 45 557547.224
12 45 19258.7521
13 45 273866.523
14 45 27861.7699
15 45 -97911.0394
16 45 -32735.0282
17 45 639774.714
18 45 22055.3959
19 45 289076.274
20 45 16062.4434
21 45 -128720.914
22 45 11913.5768
23 45 701279.727
24 45 39288.3118
25 45 277609.675
26 45 2127.19168
27 45 -150275.851
28 45 52452.4151
29 45 736906.416
30 45 40678.8902
31 45 348780.896
32 45 15278.2036
33 45 -237062.058
34 45 47643.8727
35 45 965966.818
36 45 44534.4671
37 45 621544383
38 45 626971405
39 45 -539280757
40 45 109003.792
41 45 885282.262
42 45 51178.1646
43 45 -555544072
44 45 -746336311
45 45 577219861
46 45 -37629583.2
47 45 19316744
48 45 -9375701.07
49 45 -15324458
50 45 39803415.1
51 45 -16569975.7
52 45 2414117.75
53 45 1990268.05
54 45 -573861.355
55 45 -23638572
56 45 38169553.5
57 45 -10922309.7
58 45 2694083.53
59 45 1235263.98
60 45 -726082.145
61 45 -34841445.6
62 45 38688428.7
63 45 -3973436.33
64 45 2678274.84
65 45 1869722.69
66 45 -1117792.84
1 46 -155818.045
2 46 1175698.91
3 46 33418.2182
4 46 -2604317.41
5 46 -298538.59
6 46 90131.8003
7 46 -160336.287
8 46 1203785.31
9 46 45595.3791
10 46 -2701690.65
11 46 -336818.912
12 46 173000.367
13 46 -172558.014
14 46 1447771.64
15 46 67866.6414
16 46 -3265121.95
17 46 -254100.084
18 46 42157.9763
19 46 -172643.931
20 46 1509326.23
21 46 98601.2311
22 46 -3414622.35
23 46 -186363.522
24 46 169429.271
25 46 -176196.669
26 46 1461829.16
27 46 137991.329
28 46 -3468683.04
29 46 -267831.827
30 46 278737.332
31 46 -203282.555
32 46 1682311.26
33 46 144628.908
34 46 -3755602.32
35 46 -236382.728
36 46 686262.849
37 46 -12434421.1
38 46 -57341900.2
39 46 34359556
40 46 -4406198.1
41 46 -173331.33
42 46 538889.03
43 46 -9840060.45
44 46 57289628
45 46 -37629583.2
46 46 92298977.9
47 46 -4199693.49
48 46 -22253857.9
49 46 6574495.78
50 46 -6788549.49
51 46 1810235.88
52 46 -9190987.19
53 46 1299568.69
54 46 3065125.14
55 46 8180842.18
56 46 -7735438.84
57 46 1144797.32
58 46 -6141753.18
59 46 643269.845
60 46 2095338.82
61 46 10619497.7
62 46 -8396183.95
63 46 -387920.359
64 46 -3829315.58
65 46 117627.168
66 46 1356742.28
1 47 -1091735.14
2 47 -203702.433
3 47 76898.4305
4 47 457529.889
5 47 -2548873.21
6 47 -70839.85
7 47 -1149671.64
8 47 -201307.776
9 47 135171.741
10 47 460489.685
11 47 -2714449.76
12 47 -110281.573
13 47 -1413693.66
14 47 -258178.468
15 47 158606.094
16 47 539171.375
17 47 -3368439.53
18 47 -115032.38
19 47 -1550260.44
20 47 -267122.729
21 47 272462.816
22 47 462787.93
23 47 -3757045.8
24 47 -225682.333
25 47 -1576514.04
26 47 -233337.87
27 47 382180.989
28 47 341488.326
29 47 -4079599.1
30 47 -275728.948
31 47 -1870977.9
32 47 -279755.148
33 47 735216.382
34 47 258202.426
35 47 -4821909.03
36 47 -327721.777
37 47 60216698.6
38 47 26990630.1
39 47 -34912408.7
40 47 267463.684
41 47 -5481114.53
42 47 -142520.465
43 47 -42611556.5
44 47 -14837988.2
45 47 19316744
46 47 -4199693.49
47 47 113145752
48 47 -5053997.21
49 47 71821.1376
50 47 -2744174.72
51 47 1652834.84
52 47 868386.379
53 47 -12522859.3
54 47 908472.478
55 47 1680811.31
56 47 -2465310.55
57 47 390562.637
58 47 253751.081
59 47 -8174503.82
60 47 520220.647
61 47 2745224.87
62 47 -2783640.65
63 47 165029.709
64 47 -86006.0533
65 47 -4665607.45
66 47 380233.296
1 48 53488.328
2 48 -243939.07
3 48 -3016.75372
4 48 541408.488
5 48 101529.033
6 48 -272786.913
7 48 59672.1207
8 48 -252760.186
9 48 -7434.17688
10 48 568708.466
11 48 123003.435
12 48 -291402.689
13 48 58511.5007
14 48 -271960.108
15 48 -8586.94188
16 48 627820.929
17 48 99440.7047
18 48 -341160.376
19 48 43044.9278
20 48 -253483.771
21 48 -12955.8231
22 48 585386.177
23 48 67102.425
24 48 -397073.195
25 48 16809.9994
26 48 -224813.552
27 48 -15310.3124
28 48 542113.835
29 48 19663.9697
30 48 -440547.508
31 48 42158.9791
32 48 -276071.985
33 48 -25768.3775
34 48 625102.739
35 48 74004.006
36 48 -558602.111
37 48 -24212688.6
38 48 -1961786.68
39 48 9421149.12
40 48 551650.297
41 48 238010.178
42 48 -634890.043
43 48 32202010
44 48 1556715.98
45 48 -9375701.07
46 48 -22253857.9
47 48 -5053997.21
48 48 19233480.5
49 48 -2310024.7
50 48 1906753.87
51 48 -278564.895
52 48 3049785.85
53 48 754031.441
54 48 -2011453.03
55 48 -2907761.32
56 48 2399376.42
57 48 -28256.5798
58 48 2120225.33
59 48 306781.722
60 48 -1325141.77
61 48 -3410664.27
62 48 2477687.81
63 48 263077.489
64 48 1354249.72
65 48 169331.565
66 48 -761005.76
1 49 -372995.847
2 49 8650.22477
3 49 10212.6516
4 49 -9114.94505
5 49 -874585.342
6 49 -20993.2942
7 49 -395086.946
8 49 11090.9431
9 49 28685.4564
10 49 -13808.9913
11 49 -935852.87
12 49 -28728.2371
13 49 -493343.759
14 49 8668.79995
15 49 29695.6442
16 49 -22172.3242
17 49 -1173019.38
18 49 -45303.2687
19 49 -540298.386
20 49 5765.71854
21 49 64592.788
22 49 -49668.0077
23 49 -1295179.99
24 49 -80344.8774
25 49 -503661.903
26 49 5690.05834
27 49 105742.631
28 49 -65100.8008
29 49 -1275549.73
30 49 -92466.7246
31 49 -604200.699
32 49 5897.9701
33 49 212881.707
34 49 -114509.483
35 49 -1506606.75
36 49 -89275.294
37 49 -1.06554442e+09
38 49 -324962753
39 49 543909656
40 49 -82758.998
41 49 -1489559.2
42 49 -79310.271
43 49 -99524836
44 49 123516560
45 49 -15324458
46 49 6574495.78
47 49 71821.1376
48 49 -2310024.7
49 49 1.52564058e+09
50 49 -80521365.4
51 49 -575818725
52 49 -7861444.81
53 49 -38204282.7
54 49 30870859.3
55 49 -157228178
56 49 133500819
57 49 8693777.5
58 49 7559898.62
59 49 1142978.56
60 49 -3793771.6
61 49 -191821779
62 49 143364199
63 49 23030048.2
64 49 9444453.14
65 49 4749101.59
66 49 -5024623.52
1 50 6508.83978
2 50 -473339.043
3 50 -12504.5877
4 50 1056497.89
5 50 -14543.8113
6 50 -54388.1913
7 50 5529.12046
8 50 -486125.624
9 50 -14371.0496
10 50 1100403.98
11 50 -7321.63303
12 50 -87804.5173
13 50 -571.517756
14 50 -585675.34
15 50 -24057.3721
16 50 1329964.65
17 50 -68474.8884
18 50 -28756.7562
19 50 -7249.87811
20 50 -610081.518
21 50 -32021.8501
22 50 1382452.02
23 50 -113419.649
24 50 -75616.5266
25 50 -12514.4845
26 50 -552539.988
27 50 -41617.99
28 50 1301652.72
29 50 -107267.028
30 50 -133370.176
31 50 -15655.6409
32 50 -648799.688
33 50 -33042.863
34 50 1427659.16
35 50 -151883.277
36 50 -296548.13
37 50 -387320036
38 50 -1.13794737e+09
39 50 715393967
40 50 1390853.03
41 50 -215741.396
42 50 -243965.919
43 50 101322648
44 50 -175056702
45 50 39803415.1
46 50 -6788549.49
47 50 -2744174.72
48 50 1906753.87
49 50 -80521365.4
50 50 1.71956377e+09
51 50 -754947689
52 50 53841529.6
53 50 -17414330.3
54 50 3282649.96
55 50 161483218
56 50 -190863896
57 50 15535266.6
58 50 -6839706.57
59 50 -5656088.91
60 50 3115178.86
61 50 207349908
62 50 -192083369
63 50 -8019575.54
64 50 -9807045.6
65 50 -8300764.79
66 50 5129983.2
1 51 188201.157
2 51 20455.8552
3 51 -60182.8802
4 51 -33822.4738
5 51 433209.081
6 51 12946.3599
7 51 200495.485
8 51 21153.3122
9 51 -70848.4136
10 51 -36363.0948
11 51 478376.26
12 51 17930.0686
13 51 223202.984
14 51 18105.5589
15 51 -90748.2853
16 51 -14986.0575
17 51 536892.51
18 51 21852.2737
19 51 229425.931
20 51 5802.31533
21 51 -113408.021
22 51 27372.6857
23 51 576430.534
24 51 36247.0157
25 51 216754.715
26 51 -9636.6499
27 51 -123404.703
28 51 70645.3322
29 51 596346.492
30 51 38617.9922
31 51 277775.638
32 51 -1751.63634
33 51 -196239.897
34 51 73117.3072
35 51 795156.147
36 51 41919.8294
37 51 597936732
38 51 662704985
39 51 -549348708
40 51 52689.9526
41 51 780033.792
42 51 35365.1475
43 51 -3872551.25
44 51 29990076.6
45 51 -16569975.7
46 51 1810235.88
47 51 1652834.84
48 51 -278564.895
49 51 -575818725
50 51 -754947689
51 51 597602915
52 51 -37606060.9
53 51 18356290.2
54 51 -9257015.58
55 51 -7742715.78
56 51 30276245.1
57 51 -15919022.9
58 51 2386616.52
59 51 2853586.17
60 51 -529582.83
61 51 -18241711.3
62 51 29860449.3
63 51 -8509403.85
64 51 2090375.24
65 51 2606717.4
66 51 -826473.974
1 52 -142040.225
2 52 951316.744
3 52 37252.9708
4 52 -2155281.93
5 52 -289041.284
6 52 145125.336
7 52 -149534.816
8 52 984224.034
9 52 48600.0558
10 52 -2261405.92
11 52 -334232.114
12 52 210005.403
13 52 -160368.503
14 52 1173356.55
15 52 69532.4903
16 52 -2711880.29
17 52 -270262.669
18 52 96234.3151
19 52 -162414.261
20 52 1209308.18
21 52 98368.7118
22 52 -2804041.51
23 52 -226900.361
24 52 180382.896
25 52 -148036.149
26 52 1096897.28
27 52 134891.597
28 52 -2655519.61
29 52 -258884.044
30 52 285594.425
31 52 -175445.455
32 52 1282593.6
33 52 153374.775
34 52 -2924425.79
35 52 -259769.132
36 52 612801.048
37 52 -13834636.2
38 52 -54911219.5
39 52 33518329.1
40 52 -3097079.06
41 52 -155113.47
42 52 570766.587
43 52 5446598.45
44 52 -6983147.67
45 52 2414117.75
46 52 -9190987.19
47 52 868386.379
48 52 3049785.85
49 52 -7861444.81
50 52 53841529.6
51 52 -37606060.9
52 52 82009106.5
53 52 -4353354.38
54 52 -23783934
55 52 8433625.44
56 52 -5858869.8
57 52 1401364.5
58 52 -7362265.55
59 52 445566.883
60 52 2634807.97
61 52 11263336.6
62 52 -7494231.42
63 52 -397940.607
64 52 -4531465.13
65 52 13586.6299
66 52 1679382
1 53 -901733.352
2 53 -190572.407
3 53 93520.1393
4 53 430577.232
5 53 -2151015.98
6 53 -76451.7665
7 53 -956305.01
8 53 -189561.363
9 53 141409.256
10 53 433942.707
11 53 -2313957.33
12 53 -112432.328
13 53 -1161571.22
14 53 -238935.14
15 53 158340.32
16 53 506775.247
17 53 -2843097.2
18 53 -118810.436
19 53 -1256295.75
20 53 -241931.52
21 53 241579.131
22 53 432234.092
23 53 -3135495.92
24 53 -217557.505
25 53 -1186263.08
26 53 -202496.814
27 53 325807.459
28 53 321396.166
29 53 -3146061.87
30 53 -267024.712
31 53 -1431740.67
32 53 -247319.703
33 53 611891.926
34 53 266830.167
35 53 -3806393.99
36 53 -328541.418
37 53 55381353.8
38 53 33908928.2
39 53 -36828686.9
40 53 331631.193
41 53 -4017579.06
42 53 -256837.38
43 53 299723.738
44 53 -3638127.76
45 53 1990268.05
46 53 1299568.69
47 53 -12522859.3
48 53 754031.441
49 53 -38204282.7
50 53 -17414330.3
51 53 18356290.2
52 53 -4353354.38
53 53 103279768
54 53 -3448334.23
55 53 365210.685
56 53 -4057479.51
57 53 2377495.86
58 53 277594.578
59 53 -9921389.4
60 53 481094.479
61 53 2735762.71
62 53 -4340309.69
63 53 1294481.68
64 53 -116320.861
65 53 -5681644.08
66 53 403717.904
1 54 47256.9995
2 54 -222982.071
3 54 -4677.33905
4 54 499374.823
5 54 93162.2023
6 54 -248225.229
7 54 52151.5254
8 54 -229599.22
9 54 -8513.21164
10 54 523206.134
11 54 111484.148
12 54 -269293.777
13 54 48123.0659
14 54 -239086.465
15 54 -9562.12265
16 54 563452.298
17 54 85698.5432
18 54 -314087.672
19 54 31209.4972
20 54 -215370.263
21 54 -12495.0363
22 54 510053.538
23 54 51074.2292
24 54 -358144.497
25 54 143.060674
26 54 -201447.57
27 54 -13464.0491
28 54 496886.729
29 54 -13820.5559
30 54 -358941.073
31 54 17730.1294
32 54 -250762.386
33 54 -20744.2857
34 54 577340.922
35 54 26011.9032
36 54 -466892.907
37 54 -21621880.2
38 54 -4209186.86
39 54 9702491.48
40 54 587452.595
41 54 69691.9239
42 54 -497964.269
43 54 -2316414.97
44 54 2480155.33
45 54 -573861.355
46 54 3065125.14
47 54 908472.478
48 54 -2011453.03
49 54 30870859.3
50 54 3282649.96
51 54 -9257015.58
52 54 -23783934
53 54 -3448334.23
54 54 18290709.1
55 54 -3582984.4
56 54 2111892.07
57 54 -102233.861
58 54 2698876.13
59 54 343393.1
60 54 -1615307.99
61 54 -4318201.89
62 54 2612729.03
63 54 302157.235
64 54 1727334.54
65 54 211214.868
66 54 -941526.045
1 55 -285439.242
2 55 6548.92783
3 55 11423.7147
4 55 -8026.81782
5 55 -678885.669
6 55 -29698.7329
7 55 -304748.057
8 55 8282.05167
9 55 25820.8152
10 55 -10948.2381
11 55 -732789.987
12 55 -36822.4294
13 55 -396712.658
14 55 7109.967
15 55 31778.7237
16 55 -20854.0751
17 55 -947686.369
18 55 -44750.5955
19 55 -419020.535
20 55 5343.28094
21 55 63157.3135
22 55 -45400.1394
23 55 -1011500.1
24 55 -66882.3522
25 55 -389579.35
26 55 5337.11899
27 55 95275.7598
28 55 -58478.0775
29 55 -998457.298
30 55 -71638.3502
31 55 -481880.822
32 55 5362.01997
33 55 183908.612
34 55 -96810.8017
35 55 -1223447.79
36 55 -70352.9454
37 55 -713154946
38 55 -475468661
39 55 497017869
40 55 -71701.5728
41 55 -1284086.25
42 55 -59414.6008
43 55 -116797013
44 55 152412436
45 55 -23638572
46 55 8180842.18
47 55 1680811.31
48 55 -2907761.32
49 55 -157228178
50 55 161483218
51 55 -7742715.78
52 55 8433625.44
53 55 365210.685
54 55 -3582984.4
55 55 1.23035825e+09
56 55 -22384038.2
57 55 -507516918
58 55 -5269910.41
59 55 -36815058.8
60 55 27264443.1
61 55 -236398513
62 55 178223915
63 55 26371033
64 55 11838460.4
65 55 6351374.79
66 55 -6215574.57
1 56 1694.36098
2 56 -362395.511
3 56 -16805.0838
4 56 817691.293
5 56 -17357.232
6 56 -55491.289
7 56 1145.35406
8 56 -375878.377
9 56 -18330.0359
10 56 860120.19
11 56 -11649.869
12 56 -82552.6276
13 56 -2347.40222
14 56 -475888.236
15 56 -22847.2776
16 56 1084938.89
17 56 -56791.2475
18 56 -47153.15
19 56 -6088.28464
20 56 -481124.268
21 56 -26055.6517
22 56 1095953.24
23 56 -85226.9043
24 56 -94818.2529
25 56 -9572.72542
26 56 -436037.488
27 56 -31155.9581
28 56 1036571.42
29 56 -80139.5506
30 56 -141338.292
31 56 -12509.5814
32 56 -526682.154
33 56 -24195.8731
34 56 1172251.16
35 56 -123426.927
36 56 -277547.191
37 56 -424201209
38 56 -903280906
39 56 608521709
40 56 1228191.35
41 56 -189318.442
42 56 -242530.215
43 56 103125423
44 56 -171447782
45 56 38169553.5
46 56 -7735438.84
47 56 -2465310.55
48 56 2399376.42
49 56 133500819
50 56 -190863896
51 56 30276245.1
52 56 -5858869.8
53 56 -4057479.51
54 56 2111892.07
55 56 -22384038.2
56 56 1.47772002e+09
57 56 -658411755
58 56 53180087.9
59 56 -20531922.3
60 56 2378330.82
61 56 212859195
62 56 -193446511
63 56 -9630225.11
64 56 -9747575.29
65 56 -8659767.56
66 56 5178276.53
1 57 146750.194
2 57 6364.37614
3 57 -49939.6167
4 57 -4500.78769
5 57 347040.414
6 57 16948.6402
7 57 157592.484
8 57 7032.41071
9 57 -59474.9023
10 57 -6272.84753
11 57 385816.833
12 57 20995.56
13 57 188519.879
14 57 9974.77731
15 57 -77970.1603
16 57 -2182.12676
17 57 463665.425
18 57 23523.3455
19 57 193114.499
20 57 2481.27137
21 57 -95641.4811
22 57 26794.3776
23 57 497571.209
24 57 33204.1084
25 57 183507.618
26 57 -6591.66532
27 57 -103898.603
28 57 54910.0802
29 57 517198.509
30 57 32861.9957
31 57 237149.035
32 57 632.860998
33 57 -169152.189
34 57 56252.7185
35 57 695142.11
36 57 36550.7077
37 57 488831258
38 57 614908495
39 57 -486656524
40 57 25934.7885
41 57 716361.292
42 57 30628.6536
43 57 3304824.71
44 57 14176752.3
45 57 -10922309.7
46 57 1144797.32
47 57 390562.637
48 57 -28256.5798
49 57 8693777.5
50 57 15535266.6
51 57 -15919022.9
52 57 1401364.5
53 57 2377495.86
54 57 -102233.861
55 57 -507516918
56 57 -658411755
57 57 528842667
58 57 -35075246.4
59 57 21614974
60 57 -8941612.11
61 57 1377773.96
62 57 12939965.6
63 57 -9161222.9
64 57 863627.108
65 57 2038588.07
66 57 -284147.923
1 58 -117214.042
2 58 738633.588
3 58 47098.2302
4 58 -1692801.78
5 58 -250787.893
6 58 141755.741
7 58 -124255.298
8 58 771324.925
9 58 56839.2497
10 58 -1792673.6
11 58 -289376.276
12 58 194306.441
13 58 -143101.908
14 58 959948.646
15 58 68071.5499
16 58 -2229808.16
17 58 -262918.471
18 58 128590.95
19 58 -144702.307
20 58 963353.578
21 58 87026.5313
22 58 -2250818.21
23 58 -236674.869
24 58 216028.951
25 58 -133166.239
26 58 878691.342
27 58 112529.644
28 58 -2152876.35
29 58 -262170.408
30 58 302875.302
31 58 -158751.096
32 58 1056864.1
33 58 130914.12
34 58 -2444053.96
35 58 -262010.494
36 58 580547.364
37 58 -18427199.6
38 58 -44781054.9
39 58 29849368.3
40 58 -2546571.09
41 58 -192017.283
42 58 533917.172
43 58 6157777.24
44 58 -8826580.15
45 58 2694083.53
46 58 -6141753.18
47 58 253751.081
48 58 2120225.33
49 58 7559898.62
50 58 -6839706.57
51 58 2386616.52
52 58 -7362265.55
53 58 277594.578
54 58 2698876.13
55 58 -5269910.41
56 58 53180087.9
57 58 -35075246.4
58 58 62224783.5
59 58 -3350674.56
60 58 -17678169.5
61 58 12723730.2
62 58 -8428894.29
63 58 -616796.928
64 58 -4349688.74
65 58 -110462.666
66 58 1654785.32
1 59 -703856.113
2 59 -150288.821
3 59 84493.9911
4 59 337595.511
5 59 -1706438.24
6 59 -100757.678
7 59 -752683.362
8 59 -152836.429
9 59 123335.97
10 59 348854.34
11 59 -1852592.76
12 59 -132646.226
13 59 -948178.233
14 59 -204673.64
15 59 153681.019
16 59 428399.018
17 59 -2338363.82
18 59 -131387.706
19 59 -994151.996
20 59 -201238.435
21 59 229100.873
22 59 352633.721
23 59 -2509766.12
24 59 -203642.32
25 59 -937769.722
26 59 -171108.02
27 59 295734.146
28 59 267991.668
29 59 -2529257.07
30 59 -233777.138
31 59 -1165435.76
32 59 -219726.563
33 59 539907.233
34 59 252844.788
35 59 -3172201.48
36 59 -293598.928
37 59 43129525.5
38 59 40937791.1
39 59 -36106266.9
40 59 294672.093
41 59 -3331774.71
42 59 -270217.922
43 59 2535293.38
44 59 -4844383.38
45 59 1235263.98
46 59 643269.845
47 59 -8174503.82
48 59 306781.722
49 59 1142978.56
50 59 -5656088.91
51 59 2853586.17
52 59 445566.883
53 59 -9921389.4
54 59 343393.1
55 59 -36815058.8
56 59 -20531922.3
57 59 21614974
58 59 -3350674.56
59 59 77032442.2
60 59 -2026024.25
61 59 5050868.85
62 59 -6346379.05
63 59 1236062.89
64 59 -166134.117
65 59 -5370986.25
66 59 419143.018
1 60 25549.9413
2 60 -172518.187
3 60 -6908.24603
4 60 394021.823
5 60 49771.614
6 60 -204392.165
7 60 29475.2666
8 60 -179564.227
9 60 -9550.71078
10 60 416219.094
11 60 63997.7191
12 60 -225385.985
13 60 36532.0696
14 60 -204386.721
15 60 -10627.6235
16 60 487056.694
17 60 65133.151
18 60 -263507.965
19 60 26874.4475
20 60 -191100.472
21 60 -13216.8001
22 60 458335.505
23 60 45401.3081
24 60 -291391.006
25 60 7185.73058
26 60 -181972.342
27 60 -14409.091
28 60 455709.184
29 60 4917.50201
30 60 -292333.41
31 60 24940.654
32 60 -224711.06
33 60 -22766.7758
34 60 525160.443
35 60 45875.7743
36 60 -398614.728
37 60 -15230143.1
38 60 -8642368.99
39 60 9735777.9
40 60 522043.721
41 60 47206.3779
42 60 -423001.688
43 60 -3097061.55
44 60 3892107.66
45 60 -726082.145
46 60 2095338.82
47 60 520220.647
48 60 -1325141.77
49 60 -3793771.6
50 60 3115178.86
51 60 -529582.83
52 60 2634807.97
53 60 481094.479
54 60 -1615307.99
55 60 27264443.1
56 60 2378330.82
57 60 -8941612.11
58 60 -17678169.5
59 60 -2026024.25
60 60 13609428
61 60 -5678670.34
62 60 3676703.16
63 60 398774.859
64 60 1678382.35
65 60 307055.112
66 60 -921540.602
1 61 -174591.728
2 61 4007.05195
3 61 16163.0672
4 61 -8567.55198
5 61 -415589.39
6 61 -18511.4921
7 61 -188367.003
8 61 5181.19145
9 61 24918.2976
10 61 -10137.0333
11 61 -454943.565
12 61 -23388.5576
13 61 -235674.181
14 61 4753.53011
15 61 28730.3412
16 61 -17961.1469
17 61 -563169.838
18 61 -24187.7093
19 61 -240312.308
20 61 4011.34051
21 61 49114.9367
22 61 -33269.2551
23 61 -583772.232
24 61 -35761.8058
25 61 -229762.116
26 61 4053.92524
27 61 66914.8245
28 61 -41010.6188
29 61 -594637.287
30 61 -37829.7176
31 61 -285938.265
32 61 4173.16308
33 61 121374.22
34 61 -63988.9236
35 61 -739336.694
36 61 -37058.5109
37 61 -297657756
38 61 -687913997
39 61 459764675
40 61 -30517.0062
41 61 -736062.014
42 61 -34708.6015
43 61 -144523622
44 61 195652393
45 61 -34841445.6
46 61 10619497.7
47 61 2745224.87
48 61 -3410664.27
49 61 -191821779
50 61 207349908
51 61 -18241711.3
52 61 11263336.6
53 61 2735762.71
54 61 -4318201.89
55 61 -236398513
56 61 212859195
57 61 1377773.96
58 61 12723730.2
59 61 5050868.85
60 61 -5678670.34
61 61 872315558
62 61 64970185.4
63 61 -424577172
64 61 -155366.062
65 61 -32891199.8
66 61 20449461.1
1 62 563.734231
2 62 -227138.617
3 62 -9703.7291
4 62 515025.861
5 62 -8105.33093
6 62 -59756.4151
7 62 196.257482
8 62 -237816.277
9 62 -10778.1093
10 62 546650.478
11 62 -5197.63393
12 62 -76601.1242
13 62 -982.771055
14 62 -290485.662
15 62 -11042.8732
16 62 664906.516
17 62 -29614.0477
18 62 -53325.3782
19 62 -2944.87728
20 62 -284710.899
21 62 -12270.3592
22 62 651904.034
23 62 -44343.4913
24 62 -87014.5149
25 62 -5338.41721
26 62 -264793.654
27 62 -15129.3668
28 62 632415.993
29 62 -45107.5951
30 62 -111477.199
31 62 -7342.97339
32 62 -319915
33 62 -10070.6684
34 62 717176.334
35 62 -73491.1862
36 62 -196208.997
37 62 -493563544
38 62 -643467124
39 62 500172726
40 62 722684.24
41 62 -116199.546
42 62 -174249.836
43 62 110447467
44 62 -175837462
45 62 38688428.7
46 62 -8396183.95
47 62 -2783640.65
48 62 2477687.81
49 62 143364199
50 62 -192083369
51 62 29860449.3
52 62 -7494231.42
53 62 -4340309.69
54 62 2612729.03
55 62 178223915
56 62 -193446511
57 62 12939965.6
58 62 -8428894.29
59 62 -6346379.05
60 62 3676703.16
61 62 64970185.4
62 62 1.21890776e+09
63 62 -571613181
64 62 51629811.6
65 62 -25258768.4
66 62 2902348.88
1 63 100319.939
2 63 4258.99444
3 63 -33653.7043
4 63 -2320.91664
5 63 242268.338
6 63 11608.6173
7 63 107901.228
8 63 4782.09535
9 63 -40446.1024
10 63 -3759.01308
11 63 268858.914
12 63 14824.3204
13 63 123664.205
14 63 8625.72141
15 63 -48801.5587
16 63 -6490.629
17 63 309125.364
18 63 14526.8443
19 63 126177.514
20 63 4262.17894
21 63 -59583.2933
22 63 11709.145
23 63 329808.968
24 63 20742.0972
25 63 121369.683
26 63 -47.5410428
27 63 -65759.1517
28 63 25980.7113
29 63 344324.505
30 63 20263.2116
31 63 154567.169
32 63 4862.6405
33 63 -107414.374
34 63 27524.0237
35 63 455547.907
36 63 23492.5503
37 63 357033748
38 63 597386433
39 63 -431508943
40 63 2537.47104
41 63 465224.607
42 63 19750.5963
43 63 15413996.9
44 63 -7983705.12
45 63 -3973436.33
46 63 -387920.359
47 63 165029.709
48 63 263077.489
49 63 23030048.2
50 63 -8019575.54
51 63 -8509403.85
52 63 -397940.607
53 63 1294481.68
54 63 302157.235
55 63 26371033
56 63 -9630225.11
57 63 -9161222.9
58 63 -616796.928
59 63 1236062.89
60 63 398774.859
61 63 -424577172
62 63 -571613181
63 63 458722584
64 63 -31283095.7
65 63 23667623.7
66 63 -7946447.19
1 64 -82869.0612
2 64 472006.796
3 64 34351.9496
4 64 -1089893.63
5 64 -189746.364
6 64 139505.791
7 64 -87872.6343
8 64 496427.44
9 64 40989.0174
10 64 -1161540.73
11 64 -215347.99
12 64 172349.983
13 64 -99595.107
14 64 593126.582
15 64 42145.4144
16 64 -1386574.84
17 64 -199498.869
18 64 128199.51
19 64 -99051.1975
20 64 578474.972
21 64 54002.6662
22 64 -1363618.32
23 64 -184973.736
24 64 189891.701
25 64 -92387.7738
26 64 540109.675
27 64 68777.4256
28 64 -1333428.28
29 64 -197221.317
30 64 235970.972
31 64 -110056.372
32 64 650185.34
33 64 81778.4415
34 64 -1519489.25
35 64 -202349.027
36 64 410158.905
37 64 -26560992.3
38 64 -31304831
39 64 25548159.2
40 64 -1517636.12
41 64 -165794.356
42 64 385686.718
43 64 7479305.09
44 64 -10751464.1
45 64 2678274.84
46 64 -3829315.58
47 64 -86006.0533
48 64 1354249.72
49 64 9444453.14
50 64 -9807045.6
51 64 2090375.24
52 64 -4531465.13
53 64 -116320.861
54 64 1727334.54
55 64 11838460.4
56 64 -9747575.29
57 64 863627.108
58 64 -4349688.74
59 64 -166134.117
60 64 1678382.35
61 64 -155366.062
62 64 51629811.6
63 64 -31283095.7
64 64 41471728.3
65 64 -2689562.48
66 64 -11640559
1 65 -445854.763
2 65 -102883.816
3 65 75446.534
4 65 222935.922
5 65 -1085680.34
6 65 -81995.009
7 65 -480373.222
8 65 -106497.415
9 65 100168.932
10 65 236018.513
11 65 -1190897.02
12 65 -104145.144
13 65 -575333.773
14 65 -136102.829
15 65 117197.098
16 65 278859.612
17 65 -1425732.32
18 65 -93236.9796
19 65 -586018.027
20 65 -128922.336
21 65 165901.254
22 65 221078.631
23 65 -1495699.85
24 65 -137012.821
25 65 -564833.811
26 65 -114121.801
27 65 203085.598
28 65 179382.047
29 65 -1542851.06
30 65 -151830.144
31 65 -705442.339
32 65 -146505.264
33 65 355228.679
34 65 175519.241
35 65 -1958665.75
36 65 -194437.14
37 65 26705045.8
38 65 52369733.1
39 65 -36202075.8
40 65 188466.923
41 65 -1982650.17
42 65 -183381.062
43 65 4614941.9
44 65 -7455631.15
45 65 1869722.69
46 65 117627.168
47 65 -4665607.45
48 65 169331.565
49 65 4749101.59
50 65 -8300764.79
51 65 2606717.4
52 65 13586.6299
53 65 -5681644.08
54 65 211214.868
55 65 6351374.79
56 65 -8659767.56
57 65 2038588.07
58 65 -110462.666
59 65 -5370986.25
60 65 307055.112
61 65 -32891199.8
62 65 -25258768.4
63 65 23667623.7
64 65 -2689562.48
65 65 50088145.3
66 65 -1722306.84
1 66 20171.6929
2 66 -121982.149
3 66 -6653.63823
4 66 281124.176
5 66 40884.7821
6 66 -128942.369
7 66 23333.1493
8 66 -126510.767
9 66 -8643.80468
10 66 294870.714
11 66 51506.7541
12 66 -144536.015
13 66 31633.3773
14 66 -136361.532
15 66 -9058.77257
16 66 326276.502
17 66 60713.0426
18 66 -154915.194
19 66 25907.3059
20 66 -131426.208
21 66 -11568.0493
22 66 316215.763
23 66 47937.019
24 66 -167903.596
25 66 16588.0749
26 66 -124535.774
27 66 -13082.5983
28 66 312627.695
29 66 30787.6295
30 66 -171735.787
31 66 29679.7961
32 66 -149871.068
33 66 -20865.6336
34 66 352108.084
35 66 60546.8056
36 66 -240306.934
37 66 -5942092.77
38 66 -15614123.4
39 66 10083509
40 66 353418.362
41 66 53552.297
42 66 -247213.309
43 66 -3994506.35
44 66 5418814.9
45 66 -1117792.84
46 66 1356742.28
47 66 380233.296
48 66 -761005.76
49 66 -5024623.52
50 66 5129983.2
51 66 -826473.974
52 66 1679382
53 66 403717.904
54 66 -941526.045
55 66 -6215574.57
56 66 5178276.53
57 66 -284147.923
58 66 1654785.32
59 66 419143.018
60 66 -921540.602
61 66 20449461.1
62 66 2902348.88
63 66 -7946447.19
64 66 -11640559
65 66 -1722306.84
66 66 8918427.73
